   3.7820881096640919e+00	
   3.2151124446560866e+00	
   7.5093167026352170e-01	
  -1.5986947063970147e+00	
  -1.2251094407793535e+00	
   8.7385095984001127e-01	
   1.6770096534596932e+00	
  -3.1994641760875953e-01	
  -3.1590042843663531e+00	
  -4.3013275901078520e+00	
  -2.3815837299764340e+00	
   1.3906268918967128e+00	
   3.7260984156954229e+00	
   3.3711754616347505e+00	
   1.2300595089531310e+00	
  -1.0449133670991833e+00	
  -1.5140668396167256e+00	
  -2.2623244594063945e-02	
   1.3253058901352004e+00	
   6.8496713125361752e-01	
  -1.0207799684655550e+00	
  -1.1797386384200357e+00	
   4.1724763825623995e-01	
   2.0020059310702827e+00	
   1.8189139525092408e+00	
   3.3165462582297034e-01	
  -5.6578511665389697e-01	
  -8.6117778140007040e-01	
  -1.8415595596454543e-01	
   2.2288598550772205e+00	
   4.4301534994725618e+00	
   3.8467658720299225e+00	
   1.5757259066288898e-01	
  -3.9238776012704695e+00	
  -5.8278677831453365e+00	
  -4.5098424542365612e+00	
  -3.4054023306562459e-01	
   3.5162980390475940e+00	
   4.2972581409564521e+00	
   2.6394495914629168e+00	
   3.9633205264077559e-01	
  -1.0478093749978692e+00	
  -1.5021610192598582e+00	
  -1.7309458905937158e+00	
  -2.2615599482622883e+00	
  -2.8636099774980699e+00	
  -2.4443307639458007e+00	
  -7.7719358086446411e-01	
   9.9998803654898960e-01	
   1.8472304595143889e+00	
   1.7786916431196234e+00	
   1.0501854463847551e+00	
   3.2747150863374436e-01	
  -3.1705041234054310e-01	
  -1.1829564257022003e+00	
  -1.6485704525722180e+00	
  -1.2383023698110627e+00	
  -6.1276477066441926e-01	
  -6.3657637710883097e-01	
  -9.4033531293714367e-01	
  -4.8043729912039229e-02	
   1.8964625707096081e+00	
   3.3287005721245877e+00	
   3.0133568446137513e+00	
   1.0086760497101370e+00	
  -8.4637596756578726e-01	
  -1.4236469679301844e+00	
  -1.3615436491295212e+00	
  -1.2154560782703705e+00	
  -4.7407826490302835e-01	
   1.1019917488102458e+00	
   2.0087632808869191e+00	
   1.1856541035798371e+00	
  -6.9964495966976670e-01	
  -2.2708915544796344e+00	
  -1.3940433124326674e+00	
   2.4106648333500220e+00	
   6.1951270164231715e+00	
   6.0783197231216919e+00	
   1.9794814321470759e+00	
  -3.2696967862992583e+00	
  -6.7587940474379069e+00	
  -6.0756422635669658e+00	
  -1.2650100075926825e+00	
   4.3664409464198188e+00	
   5.9351263108370196e+00	
   2.3212103413072920e+00	
  -1.9362409963242182e+00	
  -2.4417565264243084e+00	
  -1.6613636973522330e-01	
   9.9330724232172832e-02	
  -2.6879180816603441e+00	
  -4.4062285596984916e+00	
  -2.6016810707997240e+00	
   1.3439690331590635e+00	
   3.5330305795863244e+00	
   2.0988612847744590e+00	
  -7.1959522661766251e-01	
  -2.5752951244300366e+00	
  -2.1202987663862634e+00	
   2.7598698900771385e-01	
   2.5934352085279064e+00	
   2.3559624444424885e+00	
  -5.2781526113356680e-01	
  -2.3046784066404618e+00	
  -1.9195084760533634e+00	
  -1.2939700982261682e+00	
  -1.1192442408350918e+00	
  -1.4400576907468015e+00	
  -1.2206045382544966e+00	
   3.0044213591975416e-01	
   2.1339351538551701e+00	
   3.7125836634548284e+00	
   4.8027757201191044e+00	
   4.0662198750665182e+00	
   8.1882687950615951e-01	
  -3.1113807801440330e+00	
  -4.8010557124382274e+00	
  -3.5203639932334960e+00	
  -1.2698366892579138e+00	
   7.3266684052065364e-02	
   9.6105286683866109e-01	
   2.8254378418368238e+00	
   4.4407722598182726e+00	
   3.6202328715778971e+00	
   1.4334234121490887e+00	
  -2.0378443410000213e-01	
  -1.3197124023168167e+00	
  -2.5276717145293719e+00	
  -3.5457846867594900e+00	
  -3.7427147071497568e+00	
  -2.3645294099305088e+00	
   9.7746355812988373e-01	
   4.7239393657645055e+00	
   6.7518129860972440e+00	
   5.4019329007180641e+00	
   3.7445113222157911e-01	
  -5.2512304771855787e+00	
  -7.1610281785620939e+00	
  -3.9093974356833088e+00	
   5.7363186146751244e-01	
   1.1299864593925655e+00	
  -1.6089916341959434e+00	
  -2.9237828668723127e+00	
  -2.0024487244723338e-01	
   3.5182287167602477e+00	
   4.5646578294737719e+00	
   3.1156826385059611e+00	
  -6.8637541094670323e-02	
  -3.0965788818786195e+00	
  -3.8788282002828867e+00	
  -2.6827696027302501e+00	
  -6.5845731336120661e-01	
   8.3459401355463214e-01	
   1.2184754900399242e+00	
   9.5654797120834911e-01	
   8.5036114766726623e-01	
   9.8164667553489404e-01	
   4.3977211499672370e-01	
  -3.0514461298227663e-01	
  -1.3331498114127516e-01	
   4.0115872625088567e-01	
   2.6247230248118769e-01	
  -2.6942721564356648e-01	
  -2.4207605624441483e-01	
   8.9187054189116799e-01	
   2.1995779965512874e+00	
   2.0956434987141366e+00	
   6.7370489294158487e-01	
  -1.2115947333131951e+00	
  -2.8111598219823928e+00	
  -2.9434114591637659e+00	
  -8.4830663891788005e-01	
   1.7458702400934674e+00	
   2.0402975808957495e+00	
   7.2325874162694925e-01	
   6.2543815744231501e-01	
   2.0795545686463814e+00	
   3.3145422767210788e+00	
   3.0104608319529484e+00	
   1.0189729542395927e+00	
  -2.0392103673744608e+00	
  -4.6890753134241017e+00	
  -4.9567986777955753e+00	
  -1.7257974252681159e+00	
   2.5728413602030589e+00	
   3.4786498258177696e+00	
   3.3390707353849303e-01	
  -2.7667541760801764e+00	
  -2.1521549279244598e+00	
   6.7981867945219254e-01	
   1.3687459648269937e+00	
  -1.2579308745606061e+00	
  -4.3589265820809295e+00	
  -3.6995960286056282e+00	
   2.2257179906334876e-01	
   3.6192675324275263e+00	
   5.4263883309361161e+00	
   4.4632969044099307e+00	
   5.1892956136425561e-01	
  -3.3594735881351343e+00	
  -4.4583572825443554e+00	
  -2.8919266297685757e+00	
  -1.1803821958750249e+00	
  -8.4090573209672248e-01	
  -1.5192153025646811e+00	
  -2.2039614187308221e+00	
  -1.0149879529312693e+00	
   1.7909192249665120e+00	
   3.9896362016210682e+00	
   4.8491122017586115e+00	
   4.2869611667797702e+00	
   2.3829918594664932e+00	
   2.1034422532683822e-01	
  -1.6643376250800315e+00	
  -2.5418300248464782e+00	
  -2.3165842505583649e+00	
  -1.4429537007114044e+00	
  -6.8959319396525234e-02	
   7.5672367859906597e-01	
   4.9930108894240177e-01	
   4.2697747606250405e-02	
   8.5550959963696160e-01	
   2.1641823452322528e+00	
   1.0131809454360883e+00	
  -1.6913670649525718e+00	
  -2.2319562336053460e+00	
   3.0333814014827570e-01	
   2.8630859916833060e+00	
   2.9921194189044953e+00	
   1.3040685208027449e+00	
  -5.8187403897372403e-01	
  -1.3406280253072891e+00	
  -8.5828177432106501e-01	
   7.4095654481040685e-01	
   2.1670783529925894e+00	
   1.0009533713430867e+00	
  -2.5701466473440204e+00	
  -4.8660558597125148e+00	
  -2.9627182725663386e+00	
   7.7570859485356258e-01	
   1.0295916370845923e+00	
  -2.2345304695651702e+00	
  -4.3460552975553943e+00	
  -1.8889394504222390e+00	
   2.9451396628342241e+00	
   4.9038150043174706e+00	
   3.7125836634548284e+00	
   1.4250571749869174e+00	
  -6.1662611220424424e-01	
  -9.4741444222557591e-01	
  -7.0543697260242233e-01	
  -9.6800827331465278e-01	
  -1.3338706700967764e+00	
  -1.4645128865330772e+00	
  -9.1040990359184548e-01	
  -1.0210248484791831e-01	
   2.1903223825033910e-01	
  -2.8165479298826018e-01	
  -9.2617705458603294e-01	
  -1.0499848963063385e-01	
   1.8813389806630814e+00	
   2.7163547586926535e+00	
   2.2433398955263915e+00	
   1.4639923561379915e+00	
   7.8857972455814029e-01	
   4.3494544141558122e-01	
   2.4767050288710590e-01	
   2.3447759449341152e-01	
  -3.0989480225239164e-02	
  -1.2222134320092175e+00	
  -2.7970014993849706e+00	
  -2.7812342772819094e+00	
  -2.1408134078144547e-01	
   2.2925720356697199e+00	
   2.2706910839916126e+00	
  -3.0024145342582360e-02	
  -2.5260628156688161e+00	
  -2.3111139978970163e+00	
   1.5978521630664164e+00	
   5.3909923144439977e+00	
   4.8117855908401266e+00	
   8.7803407709307735e-01	
  -3.0109853118150780e+00	
  -4.6745950942274064e+00	
  -3.1844249420814794e+00	
   5.3566202964118625e-01	
   3.1742464694679011e+00	
   1.7992854652814494e+00	
  -1.4246123045516246e+00	
  -2.2650995230054805e+00	
  -9.2199393285775944e-01	
  -1.6259680818270450e-01	
  -1.9896563541891563e+00	
  -4.6491742676119125e+00	
  -4.5893227143540818e+00	
  -4.2452439080743354e-01	
   5.0891610672020953e+00	
   6.6292132020601411e+00	
   4.0922840710636326e+00	
   6.0870568916901202e-01	
  -2.0311658842844569e+00	
  -2.1708181349481759e+00	
  -5.0110765184315065e-01	
   6.5214575106357653e-01	
   5.0496883550485254e-03	
  -1.3087719229270058e+00	
  -1.3673356681824171e+00	
  -8.5924711001274001e-01	
  -3.7947541647365102e-01	
  -3.3603533590181250e-01	
  -9.3293440512527137e-01	
  -7.3310992387242402e-01	
   1.2088986833569716e-01	
  -3.9170299502752864e-01	
  -1.0877099296542743e+00	
   3.4227330789990995e-01	
   2.4891788599436069e+00	
   3.3045671143779907e+00	
   3.1414249807084795e+00	
   2.9290507064750511e+00	
   2.7446713087659549e+00	
   1.7973547944320090e+00	
   2.6287055207272810e-02	
  -1.5513931972430679e+00	
  -1.6077045182085301e+00	
  -1.3878521252007733e-01	
   7.0169959962900474e-01	
  -1.0423391378672275e+00	
  -4.8132834611855539e+00	
  -7.8194077150093806e+00	
  -6.7925816682422449e+00	
  -1.5024827981845723e+00	
   3.0548663616616332e+00	
   3.3811506258037620e+00	
   1.3272365600910387e+00	
  -2.4722450973141932e-01	
   2.7469987600755896e-01	
   2.5210349642117200e+00	
   4.5263659197225010e+00	
   5.5592843379865293e+00	
   5.2339627856346551e+00	
   3.5600600698878799e+00	
   1.9353977720059121e+00	
   1.4308491853236303e+00	
   6.9365514367517722e-01	
  -2.5640328309118452e+00	
  -6.7890420123385669e+00	
  -8.4150415727558112e+00	
  -6.3227735776069416e+00	
  -2.4317813562157991e+00	
  -1.1636497022790444e+00	
  -3.3276173000468288e+00	
  -5.1476161706012400e+00	
  -4.9806106304252546e+00	
  -2.4835878886193132e+00	
   1.1731047501079339e+00	
   3.0120697278731114e+00	
   3.1507565801730020e+00	
   4.0581753706054950e+00	
   6.4947075061079111e+00	
   8.3597778993578711e+00	
   8.3060393285205656e+00	
   7.4780819000195473e+00	
   5.3198785175542866e+00	
   1.6248815492895921e+00	
  -1.8956968137850529e+00	
  -4.8509320610424593e+00	
  -6.0222259132571923e+00	
  -4.7048426644621930e+00	
  -3.3771715276724676e+00	
  -3.9811547099103719e+00	
  -5.3448695467645422e+00	
  -5.0462544079610057e+00	
  -3.4218990530833677e+00	
  -1.9812900928428829e+00	
  -1.1440212007915280e+00	
  -3.2380775797797146e-01	
   2.3154183243228057e+00	
   5.8994084206194577e+00	
   7.9282610102335092e+00	
   7.6087270129734641e+00	
   4.6190387869300409e+00	
  -2.2945022886799591e-02	
  -3.2690532251076712e+00	
  -1.7068124599020793e+00	
   2.2079442417021822e+00	
   2.9155359836010786e+00	
  -5.2331036312675039e-01	
  -5.0510811572547736e+00	
  -7.1339980067316011e+00	
  -5.5862075944588732e+00	
  -1.5591158922898074e+00	
   2.3537099932490766e+00	
   3.4818676216598705e+00	
   1.7416871201906643e+00	
  -3.5598559491065423e-01	
  -3.0450105626375001e-01	
   2.0460895953394496e+00	
   3.5288474443747364e+00	
   1.7690382891563059e+00	
  -8.9239030290417898e-01	
  -5.5838421248543335e-01	
   2.9515752455482267e+00	
   4.8259439598061835e+00	
   2.8090271108467220e+00	
  -5.6835934420526879e-01	
  -4.3312533213513493e+00	
  -6.2979960704766507e+00	
  -4.4293968792961644e+00	
  -1.4741662536232754e+00	
  -1.8286884265440845e-01	
  -7.1734277709808336e-01	
  -1.1102344374713058e+00	
  -5.2548626085537856e-02	
   2.0489856025796644e+00	
   4.5665885141523788e+00	
   5.0405720673338825e+00	
   2.8244725047031443e+00	
  -1.5648302006810710e-01	
  -2.9459857008754038e+00	
  -3.5950171766892440e+00	
  -1.3454547076536487e+00	
   8.5486604314034809e-01	
   1.2056809006705911e-01	
  -2.9884606924738231e+00	
  -4.7167486242724967e+00	
  -3.4106367257968957e+00	
  -7.6206999021993915e-01	
   8.3749001777447629e-01	
   7.7442148188495874e-01	
   1.5170857871488219e+00	
   3.6009260891046160e+00	
   4.9005971920478366e+00	
   4.5350539995797412e+00	
   2.5538564070240670e+00	
  -2.2945022886799591e-02	
  -1.8400290141542095e+00	
  -8.5860355288480927e-01	
   3.0201142075679628e+00	
   6.0483938997063582e+00	
   5.9277253060015891e+00	
   3.1832562903965074e+00	
  -1.7707683277417804e-01	
  -2.4842314480790058e+00	
  -3.1065540740999871e+00	
  -1.6813919143331193e+00	
   1.0276609674726573e+00	
   2.0306442235979594e+00	
  -6.6392754751546856e-01	
  -4.3621444033390091e+00	
  -4.8856846215311851e+00	
  -1.9481468284800734e+00	
   5.1024154898388474e-01	
  -3.3410466569437175e-01	
  -2.5720773262415721e+00	
  -3.1268262400583970e+00	
  -2.0125026841594753e+00	
  -2.6789082435889382e+00	
  -4.6945456187389336e+00	
  -4.9210807546846205e+00	
  -3.5155372795701090e+00	
  -1.3821374949452112e+00	
  -1.6420569979634647e-01	
  -6.5523952858170309e-01	
  -1.2054809371850495e+00	
  -1.8110688901268912e+00	
  -2.9810597465110926e+00	
  -4.5169216663874874e+00	
  -4.2076890395814068e+00	
   1.0801873755344456e-01	
   5.4939625610328582e+00	
   8.1068528418997960e+00	
   7.5923159208565369e+00	
   5.7169576802318103e+00	
   4.4410940404415591e+00	
   4.0842395658739656e+00	
   3.5156544798124627e+00	
   1.7481226892803228e+00	
  -2.9388237046004800e-01	
  -4.7053870238427919e-01	
   1.7262417545707585e+00	
   4.6856474314881513e+00	
   5.6590368460903742e+00	
   4.3390896025898646e+00	
   2.5783116010819342e+00	
   1.7623572987560987e-01	
  -1.9510428417607872e+00	
  -1.9603744402529202e+00	
  -5.9892829695729921e-01	
  -5.9667584777034266e-01	
  -3.4833591908928998e+00	
  -6.5785935425693403e+00	
  -5.5093011652563195e+00	
   1.5371125149763809e-01	
   4.9469336930370451e+00	
   3.4512985623617745e+00	
  -3.7983828636333619e+00	
  -1.0149831915924507e+01	
  -1.0555618322408595e+01	
  -7.2958573341336930e+00	
  -2.1386401923928000e+00	
   4.9447441539192072e-01	
  -1.2701584680371116e+00	
  -4.9510065816812610e+00	
  -6.6529262225565073e+00	
  -5.5662569692008770e+00	
  -4.0860555205181353e+00	
  -3.8794717630907503e+00	
  -4.1822682719146309e+00	
  -3.6188289727967140e+00	
  -2.3370981937380744e-01	
   4.1794865219305368e+00	
   5.8720568876270969e+00	
   5.8504974467479842e+00	
   5.2468340541445242e+00	
   4.5868607041709639e+00	
   5.2690369941312358e+00	
   7.0217902658893809e+00	
   8.4888149183635111e+00	
   7.2235495138766641e+00	
   5.0354235646518672e+00	
   4.3075551155249645e+00	
   4.4758463501027173e+00	
   5.8228241381412111e+00	
   6.7952538764774948e+00	
   5.9644085502217346e+00	
   5.0035672069118213e+00	
   4.1978280002778794e+00	
   2.3009382821148083e+00	
   4.9190018949757985e-01	
   4.4395523209785392e-01	
   8.9573188091523737e-01	
  -3.9395544372409630e-01	
  -3.1429152617347236e+00	
  -5.1794727365786528e+00	
  -4.6572188326333492e+00	
  -2.4173012709574206e+00	
  -1.0243195335404292e+00	
  -1.8406725724886728e+00	
  -4.6385554422973883e+00	
  -6.6471340642555017e+00	
  -5.4800188104135081e+00	
  -3.2976916996667525e+00	
  -3.5068491952143162e+00	
  -6.5621824367049086e+00	
  -9.2227403396452878e+00	
  -9.4151730736638957e+00	
  -7.3811312169083463e+00	
  -2.6708637455324764e+00	
   1.3301325650300204e+00	
   7.6991658649741912e-01	
  -2.3922024579830694e+00	
  -4.7762784345263496e+00	
  -5.3451913305971663e+00	
  -3.5876162135129408e+00	
   1.6972816947656650e+00	
   8.1017042452431518e+00	
   9.2820254828494910e+00	
   4.8623052294429767e+00	
   5.8167631736090697e-01	
   8.6870250784336556e-01	
   5.6625764521335062e+00	
   1.0119648880934387e+01	
   9.7560236500126578e+00	
   6.1352753360650247e+00	
   4.1691895521583167e+00	
   5.6828487425100400e+00	
   7.8275417559564104e+00	
   8.7324088511684828e+00	
   8.0309110612410279e+00	
   5.2349281307462876e+00	
   3.0461783228610639e+00	
   3.8963199876988730e+00	
   5.7027992525342430e+00	
   4.7979490038016213e+00	
   3.2039238722677416e-01	
  -4.2179860602678998e+00	
  -5.0758584723467202e+00	
  -2.8072984612073038e+00	
  -9.3647396972069730e-01	
  -1.3621872067988772e+00	
  -2.5965325932874821e+00	
  -3.2713056892851413e+00	
  -4.5735553727433755e+00	
  -6.1464350460391763e+00	
  -7.5294757313198222e+00	
  -9.2481620345454498e+00	
  -1.0555618322408595e+01	
  -1.0486753571966384e+01	
  -8.2435270239424590e+00	
  -5.3596716036955891e+00	
  -4.6929367053948017e+00	
  -6.3523778773533603e+00	
  -7.8615621455249309e+00	
  -6.7192142736339404e+00	
  -3.7478632066113655e+00	
  -1.0947890605917299e+00	
  -3.8068602715231964e-02	
  -8.9946943168904425e-01	
  -1.8039897490010284e+00	
  -9.6125092241738053e-01	
   1.2162230419279203e+00	
   2.2620030592847673e+00	
   1.0353836459305275e+00	
   6.3895284336546176e-01	
   3.8696122490348035e+00	
   8.7501072400029258e+00	
   1.0532509845849022e+01	
   9.8078321258871437e+00	
   4.7352017005221310e+00	
   3.2232305670264189e-01	
  -5.8702249417863661e-01	
   2.3646504705583649e+00	
   6.3627761851532290e+00	
   7.6026130764750448e+00	
   5.5061902812335894e+00	
   3.1456081114754331e+00	
   2.8202893771479043e+00	
   3.9461958915164601e+00	
   4.4118120053458165e+00	
   2.9016994820507733e+00	
   1.4703036955284274e-02	
  -1.7126044831472444e+00	
  -1.1729812851861479e+00	
  -2.0442799076518078e-01	
   4.2400498128619135e-01	
  -1.6163147321542892e-01	
  -3.1757368689210757e+00	
  -5.8011596484306933e+00	
  -6.9769656898723884e+00	
  -8.3915508217750219e+00	
  -9.8335063804807206e+00	
  -9.4573281193655170e+00	
  -7.3750172385037445e+00	
  -6.9277322353304873e+00	
  -8.0639679784841434e+00	
  -7.7820801400455348e+00	
  -4.9255857175753759e+00	
  -3.4054023306562459e-01	
   2.2417310021260524e+00	
   3.6962445858725340e-01	
  -2.6444777933680252e+00	
  -2.5730426656947136e+00	
  -2.1022000076623409e-01	
   7.0813516439792024e-01	
  -6.3368037088349793e-01	
  -1.9014888396137219e+00	
  -1.1852088768104625e+00	
   1.1595900618581623e+00	
   3.0465001020725930e+00	
   4.4848562089248478e+00	
   6.8557493580681506e+00	
   8.7935487506579850e+00	
   8.4238137105281012e+00	
   6.0049531969489340e+00	
   3.4323135689849278e+00	
   3.0040252483348500e+00	
   4.1614668250775031e+00	
   5.2857696460734660e+00	
   5.4849526624049076e+00	
   5.2732201569942898e+00	
   6.6292132020601411e+00	
   8.2027454909981259e+00	
   7.3677093958321800e+00	
   4.7294096425814374e+00	
   1.6963163594550603e+00	
  -3.1930286088184640e-01	
  -1.0500618255950738e+00	
  -4.0360879533621052e-01	
   1.3629539547839102e+00	
   1.6503020441703926e+00	
  -1.3683010046975157e+00	
  -6.0373498177673861e+00	
  -7.8123283464532580e+00	
  -4.1368970359305504e+00	
   1.4279531801517216e+00	
   2.8215764933145890e+00	
  -4.8984540719107533e-01	
  -4.3795206390103365e+00	
  -5.5109100860019371e+00	
  -4.6079860999488096e+00	
  -4.3228869874473510e+00	
  -4.2726889911493924e+00	
  -3.9209815680782256e+00	
  -3.8231600243035402e+00	
  -3.5152154986625814e+00	
  -3.1728408445967569e+00	
  -2.1946298142541139e+00	
  -6.0729453684640544e-01	
   6.0420079386647363e-01	
   1.2702817975340179e+00	
   3.4806531629447540e-01	
  -1.0693685453365276e+00	
  -4.3514307790447421e-01	
   2.7610820374385283e+00	
   6.7270355945494771e+00	
   8.2664594372356603e+00	
   6.4593112881009604e+00	
   4.0082994479222487e+00	
   3.4429322939675622e+00	
   4.4938660680620908e+00	
   5.3086161537253780e+00	
   5.1499777773245858e+00	
   3.9249584088802134e+00	
   2.0718318823514790e+00	
   5.8071098265368581e-01	
   5.2375623490706136e-01	
   2.9193973329502230e+00	
   6.2659193523421051e+00	
   7.2312723611919267e+00	
   4.7609441819376546e+00	
   5.5568878799836144e-02	
  -4.1684316528226120e+00	
  -5.8458877320190012e+00	
  -5.1228388454948472e+00	
  -3.2259346288581097e+00	
  -2.0250520772480405e+00	
  -2.7995757398072412e+00	
  -4.9670957380093315e+00	
  -5.2451165878170709e+00	
  -1.3126332685683768e+00	
   2.1320044821135187e+00	
  -3.2573842816756071e-01	
  -6.9924114832714599e+00	
  -1.0555618322408595e+01	
  -9.2626427496462522e+00	
  -3.3192510028181568e+00	
   1.1396398079683105e+00	
   1.5589169770681506e+00	
  -1.8934443593183545e+00	
  -5.6695497489674107e+00	
  -6.0685629871452162e+00	
  -3.4270475457247036e+00	
  -1.8477517142333684e+00	
  -3.7880858625811893e+00	
  -7.0818684054012397e+00	
  -7.8805477335900758e+00	
  -3.2832115716881134e+00	
   4.2586444898054161e+00	
   7.4182297446160606e+00	
   4.3030501891029580e+00	
  -5.7479491311663122e-01	
  -3.5815023745380214e+00	
  -2.6447995732590317e+00	
   1.2783262553822032e+00	
   3.9889926414248853e+00	
   3.5224118518417065e+00	
   1.8472304595143889e+00	
   1.8195575094755458e+00	
   3.7277073148096984e+00	
   6.0229730427793360e+00	
   6.9982999718081107e+00	
   5.1892351335073856e+00	
   2.0795545686463814e+00	
   5.3340958198925570e-01	
   4.1724763825623995e-01	
   5.3984514670854555e-01	
  -5.0014231658197117e-01	
  -2.6978932598318246e+00	
  -4.0123675225378257e+00	
  -3.3466023601493471e+00	
  -8.5313331732116382e-01	
   1.2960240628080730e+00	
  -1.6163147321542892e-01	
  -5.1427894186841057e+00	
  -9.4035884840417818e+00	
  -9.9216783980187380e+00	
  -8.1058007060967281e+00	
  -4.7617982086860007e+00	
  -6.2241812454706025e-01	
   9.2855326281749861e-01	
  -7.9553495716468325e-01	
  -2.0224778427352641e+00	
  -4.0875724956628401e-01	
   1.8366117692699582e+00	
   2.6046974696895195e+00	
   1.3851566600933285e+00	
  -9.1040990359184548e-01	
  -3.1833752579216579e-01	
   4.9816860748893266e+00	
   9.7235226931705618e+00	
   8.6806008547766602e+00	
   3.5375354944870492e+00	
  -8.9239030290417898e-01	
  -2.5730426656947136e+00	
  -1.5533238709929345e+00	
   1.3317414566655044e+00	
   3.3821159642864278e+00	
   2.4962579940575940e+00	
  -7.6914911771768102e-01	
  -3.4640523396908400e+00	
  -2.1659914433857752e+00	
   2.4251448783788976e+00	
   5.3446557200831011e+00	
   4.2528524426044747e+00	
   2.0444807024335141e+00	
   2.7964777287281870e+00	
   6.6835947223048890e+00	
   9.5684192484919048e+00	
   9.1491261461978617e+00	
   6.2900531096774452e+00	
   1.8884181078817559e+00	
  -1.8677020234361277e+00	
  -2.4980679767670302e+00	
   7.0009070843760268e-01	
   4.7371323865331432e+00	
   4.9363149107408031e+00	
   8.8093008134828343e-01	
  -4.0866990839293598e+00	
  -5.6364059526678201e+00	
  -2.9553173272743636e+00	
  -3.2509487143732779e-01	
  -1.1948622388035508e+00	
  -4.7074169259797918e+00	
  -6.9344897672353492e+00	
  -4.6630109196568732e+00	
   1.2081785844113497e+00	
   5.8675519296297773e+00	
   4.8870823810005612e+00	
   7.3910240603721172e-02	
  -3.4843245334923605e+00	
  -3.3015530672637246e+00	
   3.7638180167400692e-01	
   4.5611182409346691e+00	
   5.9766362998926743e+00	
   4.2753770712980117e+00	
   1.4443638762205211e+00	
   4.6004414400476712e-01	
   2.4206399754398897e+00	
   3.9394385105143574e+00	
   1.1293429028226858e+00	
  -4.1179119116792906e+00	
  -6.2413617841680820e+00	
  -3.4148198758732167e+00	
   1.3874091084800320e+00	
   4.3954011958977777e+00	
   3.7264201955176302e+00	
   7.2647652402034257e-01	
  -1.3592911972930417e+00	
  -2.0002750707699413e+00	
  -1.3480289382565238e+00	
   1.6651038516330139e+00	
   5.0659928010515225e+00	
   4.9025278794042784e+00	
   5.4982027202071548e-01	
  -4.2723672091610876e+00	
  -5.7403423464378784e+00	
  -3.7224424916227119e+00	
  -5.0078587342264691e-01	
   2.0309660021723772e+00	
   2.2246767323450305e+00	
  -7.3439703790901500e-01	
  -5.1379626668991998e+00	
  -7.5082376772593644e+00	
  -5.9794284894506147e+00	
  -2.9266788886014798e+00	
  -1.9066373070862062e+00	
  -4.0651397106950116e+00	
  -7.0619175757967385e+00	
  -6.4913894528276446e+00	
  -2.2856934131223574e+00	
   2.0940346056898407e+00	
   3.6308516024181285e+00	
   1.4276314017997260e+00	
  -2.0157204772204698e+00	
  -4.5146691897665514e+00	
  -5.0848684059604157e+00	
  -4.1243475468302488e+00	
  -3.2996223834580705e+00	
  -2.6515569510466626e+00	
  -1.7611931256112807e+00	
  -1.1572141279479520e+00	
  -7.9521317862917507e-01	
   1.1188007679608150e-01	
   1.4807248310900316e+00	
   1.8726509609835218e+00	
  -1.3009719798710792e-01	
  -3.1464548466315732e+00	
  -3.5464282486551451e+00	
  -6.2845531672556132e-02	
   3.9661462553679123e+00	
   4.7931222875818129e+00	
   3.2797900994001452e+00	
   2.2098749136761771e+00	
   1.8105477119937357e+00	
   5.7942386971073301e-01	
  -8.9625164586867190e-01	
  -2.2984847929866001e-01	
   2.1339351538551701e+00	
   3.6884501787244952e+00	
   2.2645772888143250e+00	
  -1.7373814723360466e+00	
  -4.4943969013302487e+00	
  -3.9715012635994884e+00	
  -1.2109511758229048e+00	
   3.7219868452614335e-01	
  -9.8667143329989759e-01	
  -2.8015064201385105e+00	
  -2.5678941886449178e+00	
  -4.0457413050238444e-01	
   1.0556556770134102e+00	
  -1.8866085255986587e-01	
  -3.1828160396231353e+00	
  -4.1616742345240620e+00	
  -3.3378288732679207e-01	
   4.7705976131775740e+00	
   6.3943109795171775e+00	
   4.0259973549941783e+00	
  -1.0745170040366958e+00	
  -5.9990573815920909e+00	
  -6.4801269359155782e+00	
  -7.8395092997485405e-01	
   5.8997302033840384e+00	
   6.9654779229545634e+00	
   2.9480356750434487e+00	
  -8.6825690986579196e-01	
  -1.0696903240040192e+00	
   1.5721098911631688e+00	
   2.9995203398616290e+00	
   1.4643141345001078e+00	
   6.0073774697315577e-02	
   2.1918553088199220e+00	
   6.0409928903659873e+00	
   7.2132523847352576e+00	
   6.1523298451110255e+00	
   4.7152512793085384e+00	
   3.0551881408800345e+00	
   2.2951462653323906e+00	
   2.5509603972795252e+00	
   2.7967995077525196e+00	
   2.0943563842943873e+00	
   5.8038920441794672e-01	
  -2.8969925183686313e-01	
   2.0495046090505679e-02	
   1.2870142699090374e+00	
   2.5705889080937250e+00	
   2.5647968884301457e+00	
   1.7461920185483712e+00	
   8.7835585534353067e-01	
  -5.7994336827973492e-01	
  -1.7142133785066340e+00	
  -1.2547130868489129e+00	
  -5.3264193759409040e-01	
  -1.3570387454663027e+00	
  -2.9311838113492463e+00	
  -2.6129433656493313e+00	
   3.1435507740173715e-02	
   2.3109134222638517e+00	
   1.6499802657499021e+00	
  -1.0230324189654489e+00	
  -3.0129159935567706e+00	
  -2.8906395091511334e+00	
   2.9465012745583874e-01	
   4.3101293592284424e+00	
   5.0518344173606788e+00	
   1.7793352000544620e+00	
  -3.0866036900198934e+00	
  -5.6319009711701868e+00	
  -3.7874423000306865e+00	
   1.1409269211156730e+00	
   5.1380718592126549e+00	
   4.4832473055406634e+00	
   1.4381258669449223e-02	
  -4.3360800526048342e+00	
  -4.9448927026491232e+00	
  -1.7076556964143452e-03	
   7.0742412092745575e+00	
   9.7824105725478923e+00	
   5.1483688694340364e+00	
  -3.9019964625216006e+00	
  -1.0555618322408595e+01	
  -1.0555618322408595e+01	
  -3.6950910924978442e+00	
   5.6999032106310050e+00	
   1.0066874877029136e+01	
   6.0628741362335141e+00	
  -2.1743577088009514e+00	
  -7.3093724362785304e+00	
  -6.3568828800163617e+00	
  -2.2827973972521032e+00	
  -6.0593083569700154e-02	
  -2.0157204772204698e+00	
  -5.6006878885089648e+00	
  -5.3217011124124873e+00	
  -6.2306168147649710e-01	
   3.1156826385059611e+00	
   3.0107826111364799e+00	
  -7.7622824528227485e-01	
  -5.8069517736474259e+00	
  -8.1521385142881506e+00	
  -6.9293411714674544e+00	
  -3.9180855349234118e+00	
  -7.1959522661766251e-01	
   1.7445831262750566e+00	
   9.9097824515627309e-01	
  -2.9199215046120619e+00	
  -5.3088297613530742e+00	
  -4.2347187199598251e+00	
  -8.2063368337086473e-01	
   3.1636277522137957e+00	
   5.0807947485930915e+00	
   3.0584059330780744e+00	
  -1.4754533692496026e+00	
  -4.2585305841348733e+00	
  -3.5512549629265835e+00	
  -8.3221771114398113e-01	
   2.4183875239843382e+00	
   3.9983242644070804e+00	
   2.4965797728832260e+00	
  -8.9303386006341834e-01	
  -3.1686576984055952e+00	
  -2.0398539260289086e+00	
   1.5122591114956303e+00	
   4.4369108923698226e+00	
   4.6776029082430011e+00	
   1.9669320687689478e+00	
  -1.9964137192527334e+00	
  -4.4779860026825657e+00	
  -4.1771197623795695e+00	
  -1.6402041979952067e+00	
   1.0952344049388798e+00	
   2.6561820954193562e+00	
   2.7025182632555502e+00	
   1.6451535894557912e+00	
   7.7474326012707884e-01	
   7.5840910257454472e-02	
  -1.0268937626982806e+00	
  -1.9735673902193525e+00	
  -1.6704514268131507e+00	
  -7.3150103132970923e-01	
  -8.3800972510072202e-01	
  -1.1758772937052386e+00	
  -1.0941455032303526e+00	
  -1.5809191167457221e-01	
   2.0274264378620064e+00	
   4.0433734829815640e+00	
   4.4111684441716932e+00	
   2.5470990509790612e+00	
  -3.0578816970116501e-01	
  -2.5762604638928881e+00	
  -3.4727404225463991e+00	
  -2.3802966114526845e+00	
   3.0848659210453022e-01	
   3.2176866794594652e+00	
   4.8047064066734713e+00	
   4.4668364915949734e+00	
   3.0162528572948588e+00	
   1.0450369940412818e+00	
  -7.6754022509870012e-01	
  -5.0786499869932189e-01	
   2.2349736498913630e+00	
   5.1560916274159396e+00	
   5.6435912931870682e+00	
   2.3733384968083744e+00	
  -1.1945404600678153e+00	
  -8.5892533144870098e-01	
   2.2954680440410198e+00	
   4.7947311929775696e+00	
   4.2351545213597772e+00	
   1.1618425098923586e+00	
  -3.1294004834625833e+00	
  -6.5216373597989943e+00	
  -5.7635108396889931e+00	
  -1.6311943855459039e+00	
   3.0452129852279999e+00	
   6.6414409979569324e+00	
   6.8255016144341756e+00	
   3.5819410874312760e+00	
  -8.1830451525319731e-02	
  -2.1656696639505366e+00	
  -2.2792578223318771e+00	
  -9.4998867107648832e-01	
   3.3809019072125585e-01	
   2.0776999927021783e-01	
  -6.6424932599627529e-01	
  -8.7147469555573764e-01	
   2.8660567124044689e-01	
   2.8389525619273832e+00	
   4.5424549567292178e+00	
   3.4223384033835611e+00	
   4.2078719889184668e-01	
  -3.3243994933883596e+00	
  -6.4032200583858092e+00	
  -6.6217129278871214e+00	
  -3.9579864394705946e+00	
  -1.0925366098299110e+00	
   1.0604823511093793e+00	
   3.3612002977419837e+00	
   4.9195822850825346e+00	
   4.7316621095419213e+00	
   3.0214013243337048e+00	
  -9.9850036687480548e-02	
  -3.4070971373248531e+00	
  -4.2012534019080325e+00	
  -1.9198302552827891e+00	
   8.5132648241102726e-01	
   1.8591362638972984e+00	
   1.6943856888369631e+00	
   1.6174806458440574e+00	
   1.4585221239959754e+00	
   1.2442177544102253e+00	
   1.2149359287225123e+00	
   7.0588271672818903e-01	
  -1.3399844676644570e+00	
  -4.6996941415311690e+00	
  -6.9515444921285754e+00	
  -6.5708706689834138e+00	
  -4.2057583482587608e+00	
  -1.2679060165867087e+00	
   1.0508290029285663e+00	
   2.4550703059959069e+00	
   2.9071697267967216e+00	
   1.2564453301393919e+00	
  -2.4739344968746648e+00	
  -5.7680158248796296e+00	
  -5.7992289400723118e+00	
  -1.5497843024575226e+00	
   3.4442194121690695e+00	
   5.7916112250809020e+00	
   5.1873044436944751e+00	
   1.9099772684518339e+00	
  -2.0562646720812543e+00	
  -4.6124910553606080e+00	
  -4.6507831805893352e+00	
  -2.8977186726176472e+00	
  -9.0365255327818572e-01	
   7.3612987121002049e-01	
   5.7009230087442941e-01	
  -8.9303386006341834e-01	
  -2.3069308635667762e+00	
  -3.5921211475932773e+00	
  -3.6947693113505813e+00	
  -1.5501060814141949e+00	
   1.6229508788200502e+00	
   3.8470876519759383e+00	
   4.4462425304682158e+00	
   2.9853620564062746e+00	
  -5.4454773963977132e-01	
  -3.9447933976613268e+00	
  -4.7852883533889310e+00	
  -3.0064803878027146e+00	
  -1.6484925644233461e-01	
   2.0245304307124172e+00	
   3.1266231337367949e+00	
   3.9989678246236489e+00	
   4.4510692399607290e+00	
   3.6929550957370694e+00	
   1.0730317038117660e+00	
  -3.1869991860349232e+00	
  -6.9029546212532154e+00	
  -7.5343025622938162e+00	
  -4.0220209706389749e+00	
   8.7320740334000257e-01	
   3.9957500235548782e+00	
   4.8771071638245100e+00	
   3.5195158352414007e+00	
   3.2843684337009804e-01	
  -3.3414538691357207e+00	
  -5.8947990322682200e+00	
  -6.3880961165934123e+00	
  -4.1098673680118782e+00	
   4.4813834919671430e-01	
   4.2512435406259605e+00	
   4.9630227580552049e+00	
   3.0703117644330700e+00	
   6.7692267531511607e-01	
  -1.0548885054737962e+00	
  -2.5122262857965199e+00	
  -3.2211079207607334e+00	
  -2.7577443356836353e+00	
  -7.3954549407692893e-01	
   2.0509162740799596e+00	
   3.8959982077010076e+00	
   4.1540658784910054e+00	
   2.3817047444357642e+00	
  -9.9117633406663030e-01	
  -3.4022704258518672e+00	
  -2.1782190621338837e+00	
   2.4055163729875644e+00	
   6.0419582393935194e+00	
   5.0264136852407093e+00	
   7.2518941106279977e-01	
  -2.7033635189662677e+00	
  -2.3793312725630620e+00	
   7.3021363664502563e-03	
   1.5035710953744579e+00	
   2.9438525463031282e+00	
   4.2148823584231812e+00	
   3.7717911537075621e+00	
   2.1040097425035769e+00	
  -3.4987180582084698e-01	
  -3.1541775774763114e+00	
  -5.4816277308752346e+00	
  -5.8983386664336486e+00	
  -3.1631874304075653e+00	
   1.9508431416792518e+00	
   6.9146359391910073e+00	
   9.0374650765090347e+00	
   7.2241930844712270e+00	
   2.1863850717348314e+00	
  -3.7417493635133567e+00	
  -7.4207111895211844e+00	
  -6.1576975372335516e+00	
  -7.3310992387242402e-01	
   4.9170080350885668e+00	
   7.4278833164166045e+00	
   6.8827792614605716e+00	
   4.3101293592284424e+00	
   1.2700365543099665e-01	
  -4.5886791493654577e+00	
  -8.2325861421888096e+00	
  -8.6065074675801831e+00	
  -4.9674175211504048e+00	
   7.5736723508116388e-01	
   5.3790863829724511e+00	
   5.9518590184965454e+00	
   3.0513267902760401e+00	
  -5.9731940468029920e-01	
  -1.9471814907245044e+00	
   1.1883489002508327e-03	
   3.3737496975228489e+00	
   6.3379988507344898e+00	
   7.5479094456993012e+00	
   6.1423545660398737e+00	
   2.9351645098200407e+00	
   6.9405344737792418e-02	
  -1.3962957644208660e+00	
  -1.3139203837883722e+00	
   9.0642710875286414e-02	
   1.5418627225140928e+00	
   1.4491905515789307e+00	
  -3.8655454088220342e-01	
  -2.3291336540474243e+00	
  -1.8921572424858233e+00	
   8.6677183834662586e-01	
   2.7993737399554073e+00	
   1.7954241235870931e+00	
  -7.3471881641849901e-01	
  -2.8288577261769858e+00	
  -4.1858078722925880e+00	
  -2.8661842185001398e+00	
   1.4382500874620643e+00	
   4.3606488969038431e+00	
   3.0152875197322322e+00	
  -9.2842950475820496e-01	
  -4.0474417193419336e+00	
  -4.5474909944976742e+00	
  -3.4720968608430027e+00	
  -3.1339054094785523e+00	
  -3.9316003566329587e+00	
  -4.2559563284174668e+00	
  -3.5280867352919514e+00	
  -3.5930864906214102e+00	
  -4.6163524457967489e+00	
  -4.0258823499984500e+00	
  -2.1614865313180558e+00	
  -8.4283640343393540e-01	
  -7.9256225090991700e-02	
   2.7437809775744326e-01	
   6.1192347152838333e-01	
   9.1986524992562202e-01	
   1.2068914712124890e+00	
   1.5476547334631516e+00	
   1.0685268079610204e+00	
   5.4724604613397798e-01	
   1.3455779248114148e+00	
   2.8708086894839862e+00	
   3.8670380092871510e+00	
   3.3451113243009893e+00	
   1.9724023040607410e+00	
   1.8195575094755458e+00	
   3.1150390799723859e+00	
   4.1399075464327320e+00	
   3.3441459859172102e+00	
   1.4958484144363178e+00	
  -1.2415201574272037e+00	
  -4.4004364802142550e+00	
  -6.3526996632532322e+00	
  -5.8101696210818741e+00	
  -2.0369579120923555e+00	
   2.8730611430347728e+00	
   5.6197794014784543e+00	
   4.5080244187733021e+00	
  -2.5205118489512418e-01	
  -5.9079922145668604e+00	
  -9.8013268320777396e+00	
  -9.9763837050482849e+00	
  -7.2778372001600218e+00	
  -4.7749913032954838e+00	
  -3.0801680825610940e+00	
  -2.3075744226912454e+00	
  -2.5617803722556776e+00	
  -2.8266052655844698e+00	
  -3.0103417512374624e+00	
  -4.1500900893687289e+00	
  -5.4169491405313233e+00	
  -4.9751403167071313e+00	
  -3.0148466753117384e+00	
  -1.4931512094544148e+00	
  -1.5710217140678662e+00	
  -2.7030417390144890e+00	
  -2.1907684607476146e+00	
   6.9590759134145597e-01	
   3.4615955083521919e+00	
   3.8058998216084388e+00	
   1.7651769476019679e+00	
  -9.9600301349456632e-01	
  -2.5653199501510384e+00	
  -8.6632623845894563e-01	
   3.4957041441218406e+00	
   7.0359488010131832e+00	
   7.6187023836102794e+00	
   5.8910420689323439e+00	
   4.2406247878045304e+00	
   4.0552793490543380e+00	
   4.7528996562002632e+00	
   5.0878739412418454e+00	
   4.8561913872533706e+00	
   5.0135424295612028e+00	
   5.7575022743091919e+00	
   5.3102250628072651e+00	
   3.3885515542372815e+00	
   2.4267537722947168e+00	
   2.2961116014588097e+00	
   1.8124783828742856e+00	
   7.4031298833013548e-01	
  -1.5073094820809207e+00	
  -4.1076148958389540e+00	
  -5.6917528784502194e+00	
  -4.7244714094123399e+00	
  -2.0218342841097403e+00	
   7.1336014395860056e-02	
   2.0557429528546125e+00	
   4.6473555031957803e+00	
   6.2845827910589733e+00	
   5.6921804324309262e+00	
   2.5947223240763413e+00	
  -1.7891879088471094e+00	
  -5.0674921058274567e+00	
  -6.2033910816476752e+00	
  -5.7100945964224552e+00	
  -4.2611048398840738e+00	
  -1.8197569271254279e+00	
   9.0642710875286414e-02	
   4.6647970875905709e-01	
  -6.1179943528221126e-01	
  -2.0900515044086863e+00	
  -2.0182947116884340e+00	
  -3.0667701930958021e-02	
   2.7630127114383538e+00	
   4.2087685317976575e+00	
   3.0178617532375900e+00	
   7.5768901332224114e-01	
  -6.6706871284928151e-02	
   2.5268269833792925e+00	
   6.4892371810269109e+00	
   8.8849368678795866e+00	
   9.3254671876295880e+00	
   7.4993197675043248e+00	
   4.1576054616167610e+00	
   1.4630270210521912e+00	
   3.0237280540568728e-01	
  -3.6596072455247014e-01	
  -6.0697275838761722e-01	
   2.4034607219599487e-02	
   9.9451780605651263e-01	
   1.1779314245090240e+00	
   6.5311108577369292e-01	
   1.1123652025611919e-01	
  -7.2820659023953641e-02	
   8.9033819508939654e-02	
   1.1123652025611919e-01	
  -9.0518465773158044e-02	
   2.9625901869674232e-01	
   8.4746514343751000e-01	
   1.2348861835259819e+00	
   1.5360707115972470e+00	
   4.1177740817916403e-01	
  -2.2422531775555901e+00	
  -4.0458328111084558e+00	
  -3.1998704061736665e+00	
  -6.9964495966976670e-01	
   1.1027118544581842e-01	
  -2.4848750075399564e+00	
  -6.2532678539139486e+00	
  -7.6395275243260086e+00	
  -5.1888044590218785e+00	
  -2.0366361327674145e+00	
  -6.3335859241463788e-01	
  -6.9867962418512186e-01	
  -1.9143600084173964e+00	
  -2.9810597465110926e+00	
  -2.7336108359424904e+00	
  -1.3586476396272658e+00	
  -3.2831265509219687e-01	
  -6.4075949722989933e-01	
  -1.2006542560779199e+00	
  -1.1250362573552759e+00	
  -2.7521922594900949e-01	
   1.0015969278727037e+00	
   2.0917821554623846e+00	
   2.4386595874199757e+00	
   1.5251302466193009e+00	
  -3.8462387058423436e-01	
  -1.5803533043211087e+00	
   2.0816824375252879e-02	
   3.5642432054846793e+00	
   6.2916620269504762e+00	
   6.5580989331506210e+00	
   4.5990883751317968e+00	
   1.0521161160167765e+00	
  -3.3179638801916211e+00	
  -6.9679556445490558e+00	
  -8.8938678347003499e+00	
  -8.3400642614438460e+00	
  -5.3838053949393432e+00	
  -1.0941455032303526e+00	
   2.6452416119980406e+00	
   3.4503332236907136e+00	
   1.2651333445346660e+00	
  -2.5495527398261140e+00	
  -6.1380686245569880e+00	
  -8.5556643909473049e+00	
  -1.0205180948332272e+01	
  -1.0363505106319868e+01	
  -8.4880881860936981e+00	
  -4.8618726812335220e+00	
  -6.8838271242202442e-01	
   1.8961407921948668e+00	
   1.3668152948097034e+00	
  -1.6331250596271942e+00	
  -4.7891497473193620e+00	
  -6.6995852843326666e+00	
  -7.0159019641689202e+00	
  -5.1894480261052838e+00	
  -1.2782029375787642e+00	
   2.7684829544818599e+00	
   4.6788900319444986e+00	
   3.5359265963013713e+00	
   1.4952813406158408e-01	
  -2.9566044481809080e+00	
  -3.5338787919951749e+00	
  -5.1333523190452834e-01	
   5.0116117412722945e+00	
   9.2234596548013634e+00	
   9.3286850923384979e+00	
   6.1674536563669022e+00	
   2.7063796107785976e+00	
   1.2300595089531310e+00	
   1.5003533116435750e+00	
   2.4151697362067996e+00	
   3.6861977202417382e+00	
   5.5229229521684884e+00	
   7.7886055782466332e+00	
   8.3642829302601687e+00	
   6.7637190067505726e+00	
   4.2399812270406745e+00	
   1.0961997397761942e+00	
  -1.6176796672050207e+00	
  -2.7229920966631793e+00	
  -1.7949799331937575e+00	
   4.0888140401876405e-01	
   2.3112352009811876e+00	
   2.8218982723568375e+00	
   1.2329555136950152e+00	
  -1.2144907420285949e+00	
  -3.0261089858140076e+00	
  -3.5245471451517010e+00	
  -2.0337401188550199e+00	
   4.3816322380336153e-01	
   1.8864874368156501e+00	
   1.2908756097158376e+00	
  -1.5744835503176044e-01	
  -1.2373370335298557e+00	
  -1.6768870076748590e+00	
  -9.8152297531928523e-01	
   8.6805895134433175e-01	
   2.7604384794403849e+00	
   3.9317157895558474e+00	
   4.1334719411864107e+00	
   3.4242690805747444e+00	
   2.4232142056861914e+00	
   1.1927332260931858e+00	
   3.8024314057666897e-01	
   6.8882847010658455e-01	
   1.2387475231952518e+00	
   1.8356464338002143e+00	
   3.0053123650504698e+00	
   5.0151513364811739e+00	
   5.9640867673464681e+00	
   4.3387678220908965e+00	
   1.3877308868213234e+00	
  -1.0548885054737962e+00	
  -1.5484971866330171e+00	
  -1.5487412846352072e-01	
   1.7088657185741853e+00	
   2.6989786947204273e+00	
   2.7974430658018705e+00	
   2.2690821905178131e+00	
   4.7581127764495068e-01	
  -2.5717555464245048e+00	
  -4.7582585980940868e+00	
  -3.6938039679114243e+00	
  -1.1361004386755681e-02	
   2.7948688336099483e+00	
   2.8341258761337507e+00	
   6.0259190268714491e-01	
  -2.2734657907207767e+00	
  -4.4976147247532783e+00	
  -5.0906605063814396e+00	
  -3.1467766270790354e+00	
  -8.9271208148372316e-01	
  -1.5108490503021719e+00	
  -4.9561551115515572e+00	
  -7.8615621455249309e+00	
  -6.7401304128449242e+00	
  -2.1006702237620241e+00	
   2.5059113589126221e+00	
   4.8175776507696204e+00	
   5.2124034125962746e+00	
   5.3124775355423521e+00	
   4.6814642793677450e+00	
   2.4338329055809185e+00	
   2.9915502292856888e-01	
  -2.4658095304436389e-01	
  -4.2573498861075455e-02	
   2.5314073317998803e-01	
   9.3756305399265150e-01	
   2.0760150040835184e+00	
   3.1201875482702510e+00	
   3.5632778664961959e+00	
   2.4003679126732855e+00	
  -1.0075870442700294e+00	
  -4.8670212086057010e+00	
  -6.2304210722743036e+00	
  -4.0413278681178690e+00	
   3.7477291046370165e-01	
   4.7741372047294224e+00	
   6.9027299073742787e+00	
   6.9896117817386072e+00	
   5.9505718870851183e+00	
   3.4677093201777076e+00	
  -7.1766455560048170e-01	
  -5.5450192094955097e+00	
  -9.5203998238643788e+00	
  -1.0555618322408595e+01	
  -1.0555618322408595e+01	
  -8.6760144965640755e+00	
  -3.1451677248455483e+00	
   2.4708374674541314e+00	
   4.0983978951588913e+00	
   3.2393194793181823e-01	
  -6.8051313580939157e+00	
  -1.0555618322408595e+01	
  -1.0555618322408595e+01	
  -1.0555618322408595e+01	
  -5.4050431340831482e+00	
   7.9308461996294732e-01	
   4.4575048527568928e+00	
   5.3716853988850515e+00	
   3.8921368477532443e+00	
   1.3516917131084534e+00	
  -3.2863443345819365e-01	
  -1.5832493151271962e+00	
  -3.6844723148696841e+00	
  -5.1595221592295681e+00	
  -4.9371699083749325e+00	
  -3.6455368009695799e+00	
  -1.0761258973893912e+00	
   1.6145846401634367e+00	
   2.3524228782854366e+00	
   1.3581272797680710e+00	
   5.8199809559664861e-01	
   3.1910527424234009e-01	
  -1.0821627272917748e-01	
   4.3011876783120850e-01	
   2.2565328215712928e+00	
   3.9481265718308332e+00	
   4.8729240083610934e+00	
   5.6258932652943043e+00	
   6.4840886399347086e+00	
   6.8274323213047268e+00	
   5.7111655960501881e+00	
   2.5435594835626185e+00	
  -1.3982264375615077e+00	
  -3.7684572055965702e+00	
  -2.8571743750918124e+00	
   5.2994652568015846e-02	
   2.0596042958989931e+00	
   2.1706179180510090e+00	
   1.1348896814515545e-01	
  -2.3757916966578190e+00	
  -3.1886080885183907e+00	
  -2.8787336437096891e+00	
  -2.5382904472091705e+00	
  -2.4794047521619489e+00	
  -2.0176511530698447e+00	
  -1.1279322656365827e+00	
  -3.0989480225239164e-02	
   2.0795545686463814e+00	
   4.4529999237828308e+00	
   5.5505962186581792e+00	
   4.4320841831396454e+00	
   4.6873215642199462e-01	
  -4.6076643174233922e+00	
  -7.3061545546859046e+00	
  -6.1863364472352940e+00	
  -2.8655406582475011e+00	
   4.1563874705759252e-01	
   2.7350179392298557e+00	
   3.8663944493536233e+00	
   3.7199845991349969e+00	
   1.7828747632049344e+00	
  -9.5964202935687448e-01	
  -2.1360659571092904e+00	
  -1.4255776411749139e+00	
   1.5564192108103872e-01	
   1.9833427747690580e+00	
   3.9516661524396111e+00	
   5.7735914012834506e+00	
   6.8238926920597196e+00	
   6.9506758247294096e+00	
   5.9454233615278040e+00	
   4.3886438040692717e+00	
   3.5690699004686026e+00	
   3.0304111418066926e+00	
   2.1036879638943291e+00	
   1.3088951956220090e+00	
   8.6065805161404829e-01	
   2.3712828935420042e-02	
  -1.0265719840529732e+00	
  -1.1446647582068845e+00	
  -4.9241963452825310e-01	
  -2.8165479298826018e-01	
  -3.2799087672629285e-01	
   3.7766891464188412e-01	
   1.5161204520164435e+00	
   1.8967843492244851e+00	
   1.5631000961529267e+00	
   1.0398885417101873e+00	
   5.4821138084152465e-01	
   7.9469351118001197e-01	
   2.6114548265090938e+00	
   4.9131466601511704e+00	
   5.2291360601411245e+00	
   2.7369486131210587e+00	
  -7.7107978886501627e-01	
  -2.9054413965963279e+00	
  -2.2776489246526017e+00	
  -6.5942264879752766e-01	
  -3.9105943825797518e-01	
  -8.1741589791138414e-01	
  -2.5012051482735426e-01	
   1.5109719979917797e+00	
   1.8607451563953019e+00	
   7.6484466808288382e-02	
  -1.9191866968241942e+00	
  -3.4125674104388986e+00	
  -3.4862552187025480e+00	
  -2.0269827531438449e+00	
   2.0455221669604665e-01	
   2.1217075662552016e+00	
   3.0941234281983050e+00	
   3.9178792483352920e+00	
   4.3213916757203217e+00	
   4.3361935781130789e+00	
   3.9156267881968052e+00	
   2.1941077593983258e+00	
  -7.2957036028288169e-01	
  -4.0764020695795811e+00	
  -6.6703026989045036e+00	
  -6.9283758097829597e+00	
  -4.2076890395814068e+00	
  -8.6657126101337648e-02	
   2.9692730985164504e+00	
   4.0218142132259853e+00	
   3.1227617824442944e+00	
   1.3415923811598424e-02	
  -4.8724915190955391e+00	
  -9.5480741557530262e+00	
  -1.0555618322408595e+01	
  -9.7263485256168085e+00	
  -4.5632583340101904e+00	
   1.3217663285567063e+00	
   5.3758685637719408e+00	
   5.9673045961240643e+00	
   3.4348878053149350e+00	
  -9.6221625825557833e-01	
  -5.1817252212607547e+00	
  -7.9394352548293465e+00	
  -9.0473629945591796e+00	
  -8.1910751591594799e+00	
  -5.6891786024111992e+00	
  -2.2271295412304259e+00	
   1.1933767826868280e+00	
   2.9995203398616290e+00	
   2.2346518712154007e+00	
  -1.5423057182221128e-01	
  -2.6013592909527614e+00	
  -4.7817487423557301e+00	
  -6.4650029860307603e+00	
  -6.3861654007337796e+00	
  -3.2429889981735536e+00	
   2.0110157308402301e+00	
   6.2984194796576833e+00	
   7.3455061906719807e+00	
   5.1139382433865421e+00	
   1.8205228449259632e+00	
  -4.4576176511454457e-01	
  -5.8090870362619496e-01	
   1.2670640144072864e+00	
   2.6915777787777699e+00	
   1.6284211118271850e+00	
  -9.2102859707800633e-01	
  -2.2882676494714631e+00	
  -1.1427340859629347e+00	
   1.0595170162892902e+00	
   2.1960384313291632e+00	
   1.9283186443468878e+00	
   1.1380309165354139e+00	
   7.4546144017423599e-01	
  -1.8351239930932106e-01	
  -1.9249787229884929e+00	
  -3.1065540740999871e+00	
  -3.5071709761109249e+00	
  -2.9035107155823594e+00	
  -6.6714533232926954e-01	
   2.3817047444357642e+00	
   3.9780521183043374e+00	
   2.7530375625262624e+00	
  -2.6910543729409009e-01	
  -3.6082101985660961e+00	
  -6.0264091207376689e+00	
  -6.8106017360825222e+00	
  -5.3336071130057485e+00	
  -1.4291172088094797e+00	
   3.1227617824442944e+00	
   6.0020571504610380e+00	
   6.0612652210074724e+00	
   4.5517865986600397e+00	
   2.6751670525323417e+00	
   2.8982345372879498e-01	
  -1.9729238316742079e+00	
  -2.6486609319769316e+00	
  -1.6102787501869478e+00	
   2.9658079694483702e-01	
   2.3929670010556436e+00	
   4.1302541386181373e+00	
   5.3713636169741275e+00	
   5.6471308989545799e+00	
   4.6322318020610247e+00	
   2.5052678012500715e+00	
  -6.8966982638511931e-01	
  -3.6439278955735626e+00	
  -5.1614528601642036e+00	
  -4.5391246515964490e+00	
  -2.4449743233292760e+00	
  -1.2559230158343579e-01	
   2.1799494987548345e+00	
   3.7721129335761043e+00	
   4.1363679635291319e+00	
   3.4451847508232967e+00	
   1.8977496847699313e+00	
  -2.2470002588364280e-01	
  -2.0086413325213819e+00	
  -2.8549219142829707e+00	
  -3.0660097466803071e+00	
  -2.9195997244260434e+00	
  -2.1852982100167950e+00	
  -1.6742348302933024e-01	
   2.8309080856337006e+00	
   4.7126770315293482e+00	
   3.7981771040224475e+00	
   7.1979570948135077e-02	
  -4.2044712207201576e+00	
  -6.7118131789800080e+00	
  -5.5791283400568403e+00	
   1.7977529074504420e-01	
   7.0867908241217554e+00	
   9.9796691109426163e+00	
   7.4240218876203583e+00	
   2.7733096395743639e+00	
   5.0605843191017397e-01	
   1.6882718985736243e+00	
   4.1061206205187757e+00	
   5.5010417673757486e+00	
   5.1004234196712268e+00	
   3.8754042885462994e+00	
   2.0493073811626679e+00	
  -6.8315762792881513e-02	
  -6.5330885772007108e-01	
   5.0155353659869006e-01	
   1.9888130101859069e+00	
   2.4496000664149520e+00	
   1.6531980499597860e+00	
   3.3776841247657474e-01	
  -7.6206999021993915e-01	
  -8.4895019603641408e-01	
  -4.0586124405869234e-01	
  -2.9227347868011855e-01	
  -3.7754474618866218e-01	
   1.7623572987560987e-01	
   1.8099041550345691e+00	
   3.2180084588111102e+00	
   2.8173933657863639e+00	
   2.2321535557433339e-01	
  -2.7258881164299704e+00	
  -4.5143474073942249e+00	
  -5.0407840922518821e+00	
  -4.7827140908127221e+00	
  -4.2623919677706024e+00	
  -3.7414275823021108e+00	
  -3.4643741205319416e+00	
  -3.1055887329013974e+00	
  -2.0813634615233210e+00	
   3.1878349599616607e-01	
   3.5430057483753310e+00	
   5.6104477149624890e+00	
   5.6638635816194229e+00	
   3.7431527467196091e+00	
   1.2554799952097491e+00	
  -5.8670071572743543e-01	
  -8.2674747578341645e-01	
   2.7920477150595691e-01	
   9.9001291036619909e-01	
   8.0048551956615654e-01	
  -2.4722450973141932e-01	
  -1.4345874497482980e+00	
  -2.1910902402049257e+00	
  -2.3374999232922198e+00	
  -2.5218796786686508e+00	
  -3.5107105660013169e+00	
  -4.3193473847442903e+00	
  -4.1619960163429317e+00	
  -3.2677661027292384e+00	
  -9.0461788903317020e-01	
   1.9077248188113813e+00	
   2.8106360060153461e+00	
   1.5740405615329403e+00	
  -2.4722450973141932e-01	
  -1.9516864002704672e+00	
  -3.7082841199138952e+00	
  -4.3592483642044551e+00	
  -3.4418494626555667e+00	
  -2.2496541062029012e+00	
  -1.9401023472548904e+00	
  -2.2599510506634104e+00	
  -2.5408646854870067e+00	
  -3.0824205451545668e+00	
  -4.4026889555495377e+00	
  -6.6130246924661167e+00	
  -8.1460244968665005e+00	
  -6.9312718948572680e+00	
  -2.4337120342974647e+00	
   2.9592979449340571e+00	
   5.3716853988850515e+00	
   4.8565131684172815e+00	
   2.4666543429401737e+00	
  -1.9734886746577465e-01	
  -8.1323277683544570e-01	
   2.6182874597853217e-01	
   1.6326042312066960e+00	
   2.1274995814053983e+00	
   2.3208885625844071e+00	
   2.6188557412269589e+00	
   2.4074470456178330e+00	
   2.5265052045349456e+00	
   2.6236824247984702e+00	
   1.6319606743778843e+00	
   1.7269616900122067e-01	
  -1.2727326982775213e+00	
  -2.4195537286233009e+00	
  -1.7804998724746826e+00	
   1.0061018235849539e+00	
   3.7026084895471096e+00	
   4.3789903874712399e+00	
   3.1501130215821016e+00	
   7.9630240239764194e-01	
  -1.5732741668706016e+00	
  -3.2738799340831126e+00	
  -3.8472936249354230e+00	
  -2.6715073053693135e+00	
  -1.3910699083713585e-01	
   2.0525251670010443e+00	
   2.5995490074125782e+00	
   1.5705009991911796e+00	
  -4.3932619709488241e-01	
  -2.7558136556336250e+00	
  -4.2212038793358291e+00	
  -4.5426642581651073e+00	
  -4.4712285742205164e+00	
  -3.6535813281124176e+00	
  -2.1807932977118054e+00	
  -1.0333293356390389e+00	
  -3.8333675705422748e-01	
   3.9158186512767548e-02	
  -3.8623276249896177e-01	
  -1.5481754076774363e+00	
  -1.5272597760312143e+00	
   2.7695232375750756e-01	
   2.5622226574898415e+00	
   5.3745814361055562e+00	
   7.8307596223703495e+00	
   7.8960823267441214e+00	
   5.4353982270049563e+00	
   2.4003679126732855e+00	
   1.8074062552676309e-01	
  -1.1250362573552759e+00	
  -7.4791173542360356e-01	
   9.1729102388858219e-01	
   1.4147602677914595e+00	
   4.1306452113890513e-01	
  -1.3202786787873691e-01	
   6.9301158719920819e-01	
   1.9669320687689478e+00	
   2.4006896914415190e+00	
   8.5969271686777526e-01	
  -2.0469330712988381e+00	
  -3.4991264538214946e+00	
  -1.8142866815869521e+00	
   1.5685703288281703e+00	
   3.9951064633453450e+00	
   4.2332238391111288e+00	
   1.9817338820073680e+00	
  -1.0410520232552398e+00	
  -2.4720038185596063e+00	
  -2.3124011161625564e+00	
  -1.4712702434763556e+00	
  -1.4982996721799315e+00	
  -2.4906670427451463e+00	
  -3.4939779596936376e+00	
  -4.1385059448427937e+00	
  -3.3964783722056824e+00	
  -1.7238667507866297e+00	
  -2.2630891757356986e-01	
   5.5657761497266911e-01	
   9.9652502503962154e-02	
  -5.6128021845703813e-01	
   3.8506981420095743e-01	
   2.8769224920059178e+00	
   5.0653492381371148e+00	
   5.8868588932273536e+00	
   5.8540370562772610e+00	
   5.1760420867924575e+00	
   4.2168130405435038e+00	
   3.1385289671267125e+00	
   2.6371971390511728e+00	
   3.5610254088671507e+00	
   5.1383936407747974e+00	
   6.4506231266196696e+00	
   6.4869846942799301e+00	
   4.5736676914337053e+00	
   1.6046095095518698e+00	
  -5.1043922608599168e-01	
  -4.7858316267303341e-01	
   5.5754294968001716e-01	
   1.4755763772320269e+00	
   2.0029712667544053e+00	
   2.0106939522750285e+00	
   1.7860925479002219e+00	
   1.5833721350390979e+00	
   9.1149901531345889e-01	
  -4.6957336715415099e-01	
  -1.8255489518907559e+00	
  -2.4880928048635815e+00	
  -2.4366080514408375e+00	
  -2.7336108359424904e+00	
  -3.3903645379448495e+00	
  -2.9723716797580364e+00	
  -1.2814207254287251e+00	
  -2.3499693273484587e-01	
  -1.1417687498433433e+00	
  -3.6999178097594783e+00	
  -6.6564658749700474e+00	
  -8.4311311310627080e+00	
  -7.2672181938254790e+00	
  -3.4235079570224816e+00	
   3.0333814014827570e-01	
   1.7056479341678392e+00	
   5.9004255149052554e-01	
  -1.3477071594304733e+00	
  -2.1540856044692860e+00	
  -1.8760682824207986e+00	
  -1.6636940670076981e+00	
  -1.4738444747172199e+00	
  -1.8930440921759342e-01	
   2.8109577850497609e+00	
   5.9048787276918135e+00	
   6.9638689991671621e+00	
   5.9888640503654189e+00	
   3.6244160079287400e+00	
   4.3398010669896869e-01	
  -2.2522283422901168e+00	
  -3.4048446719593399e+00	
  -3.1889298690162446e+00	
  -2.5344290898308075e+00	
  -1.7389903677864720e+00	
  -8.3028703983548890e-01	
  -2.0957644409816317e-01	
   8.2598254031033186e-02	
