   1.3494392647851492e+00	
   2.2611135987197992e-01	
  -1.5970858114491233e+00	
  -3.1869991860349232e+00	
  -3.2780630819338210e+00	
  -1.8651277899365517e+00	
   7.4160010129074649e-01	
   2.9789264731762373e+00	
   2.8077399947159565e+00	
   9.6555776247675862e-01	
  -9.6221625825557833e-01	
  -2.3603462749546997e+00	
  -2.6361115163179001e+00	
  -1.2109511758229048e+00	
   1.2062479146134486e+00	
   2.1316827034904708e+00	
   5.3308780375324893e-01	
  -1.4963689986514781e+00	
  -1.5233984287504583e+00	
  -1.0950338597055834e-01	
   5.1506822252908913e-01	
  -2.5655608173182926e-01	
  -8.6696979559396825e-01	
  -4.9241963452825310e-01	
   3.3687955718815318e-02	
   8.7424928141345101e-02	
   4.0445299638438639e-02	
   7.4875575430818977e-02	
  -9.4701583762075159e-02	
  -1.8576484760397172e-01	
  -7.3142437326671125e-02	
  -2.5945208684997656e-01	
  -6.3882882640217176e-01	
  -1.1083037653396126e+00	
  -1.6196103412293241e+00	
  -1.1272887082395124e+00	
   5.3469669493324068e-01	
   2.3221756774770230e+00	
   3.2308796331000469e+00	
   2.3611109043468534e+00	
  -8.3117564744102104e-02	
  -2.6341808370303443e+00	
  -3.2410583147995866e+00	
  -1.4641911076333243e+00	
   6.8979380482008812e-01	
   2.2536368133902793e+00	
   3.0387774010659414e+00	
   2.4840303988296446e+00	
   1.0035275974626094e+00	
  -4.9306319136364374e-01	
  -8.1130210557776372e-01	
  -6.3489088273961353e-02	
   1.5145880364836833e-01	
  -6.3810866574762329e-02	
   2.0455221669604665e-01	
   5.2021667430912510e-01	
   2.8821456248498895e-01	
   2.4999942071798387e-02	
   1.3697878170882513e-01	
  -2.7771697285223548e-02	
  -5.3296371602570125e-01	
  -8.1291099829214231e-01	
  -5.6321088911002737e-01	
   4.5811347457757351e-01	
   1.3298107867031568e+00	
   9.3209282363286672e-01	
  -6.0407675226398494e-01	
  -2.2213375104660451e+00	
  -2.6805171432252957e+00	
  -1.8249053935795534e+00	
  -2.1472489745178081e-01	
   1.4211958347781890e+00	
   1.6387180211021377e+00	
   1.7494861683095303e-01	
  -1.3998353318509524e+00	
  -1.3805286007113056e+00	
   2.6504652849052884e-01	
   1.6976034732027638e+00	
   1.5566645283372809e+00	
  -1.2237451844659782e-01	
  -2.0794327853536241e+00	
  -3.1232866554173957e+00	
  -2.9829904280479314e+00	
  -1.6035213912742139e+00	
   4.6229659166929088e-01	
   2.3102698648297162e+00	
   3.3460766626873308e+00	
   2.6552167586369571e+00	
   4.4266811914390514e-01	
  -1.4085233611017332e+00	
  -1.6289419324613816e+00	
  -2.7393211254536082e-01	
   1.0237996282538095e+00	
   1.0476112202114627e+00	
   1.4244136182845899e+00	
   2.5580395322397269e+00	
   2.6410584860491007e+00	
   1.4543390053168650e+00	
  -1.2462696664163016e-01	
  -1.3779543699475052e+00	
  -2.4446525436373832e+00	
  -2.4259893220375237e+00	
  -6.0761631530531512e-01	
   1.6554504989132992e+00	
   2.5882867463673485e+00	
   1.7008212575801078e+00	
   1.2128810666989606e-02	
  -1.1356549544561010e+00	
  -1.5951551375190198e+00	
  -1.4857502943817755e+00	
  -9.4805799943736457e-01	
   5.0420426332764057e-02	
   1.3671370731457146e+00	
   1.2680293493445569e+00	
  -5.2266680627044160e-01	
  -1.9314143077131340e+00	
  -1.2428072724788854e+00	
   5.7331008323177879e-01	
   7.9404995469311845e-01	
  -5.8348293122198380e-01	
  -1.2212480957558312e+00	
  -8.9045963143007878e-01	
  -4.7086048079453680e-01	
   3.4935242927001409e-01	
   1.6882718985736243e+00	
   2.2468794610222367e+00	
   8.6194516460949067e-01	
  -1.3531773995002359e+00	
  -2.2725004521281540e+00	
  -1.8879741128081033e+00	
  -1.0861010362709445e+00	
  -5.5548820652326170e-01	
  -8.1548522664256595e-01	
  -9.9793368527590542e-01	
   4.0843534921416944e-03	
   1.8768340815577946e+00	
   3.3875862157372838e+00	
   3.3161511738985108e+00	
   1.1032788619313019e+00	
  -1.8847563207774320e+00	
  -3.1612567476112496e+00	
  -2.0607695828851482e+00	
  -3.7657941104748949e-01	
   8.4263846972628575e-01	
   2.0058672738147041e+00	
   2.8939767837035522e+00	
   2.2990076098476240e+00	
   1.5178058191267996e-01	
  -1.3312964395631630e+00	
  -6.8355603507890095e-01	
   4.1853475121486655e-01	
   6.4828441222381894e-01	
   4.4459878857474761e-01	
   2.1388378615078188e-01	
   6.4900448861685375e-02	
   9.9652502503962154e-02	
   3.6125822427646020e-01	
   9.1954347167086814e-01	
   1.2397128581141030e+00	
   8.3563588854002321e-02	
  -1.8400290141542095e+00	
  -2.6522005108435831e+00	
  -1.6939412974067907e+00	
  -3.8390381010953219e-02	
   4.5843525281546887e-01	
  -4.3514307790447421e-01	
  -8.7244003126561853e-01	
  -1.8190350767262339e-01	
   7.1457072917232556e-01	
   6.8496713125361752e-01	
  -4.5541511722278338e-01	
  -1.6897581696762558e+00	
  -2.4247022033448178e+00	
  -1.6945848555226766e+00	
   1.0817197172666404e+00	
   3.7170885808050196e+00	
   3.3917693492560779e+00	
   5.3469669493324068e-01	
  -1.8261925102029450e+00	
  -2.2393571620396631e+00	
  -1.5282251128562623e+00	
  -6.0697275838761722e-01	
  -4.4737065712600504e-01	
  -1.3229301904154227e+00	
  -1.7171093901683594e+00	
  -7.2506546119237303e-01	
   1.4910217388777069e+00	
   3.9661462553679123e+00	
   4.5508212563754045e+00	
   2.3598237893663603e+00	
  -8.8659828849813571e-01	
  -2.8710109204400442e+00	
  -2.7461602555682889e+00	
  -1.3843899468811276e+00	
   6.4924974693365389e-01	
   2.3990807976022279e+00	
   2.3652940280537580e+00	
   6.9912537372291639e-01	
  -7.3858015854281500e-01	
  -9.7521129346250703e-03	
   1.4765417123285929e+00	
   1.4556261187549602e+00	
   2.8274433225051843e-01	
  -1.2238223257685557e+00	
  -2.3735392392826817e+00	
  -2.1029226794208875e+00	
  -5.9474517704336149e-01	
   1.2525839904245972e+00	
   2.4264319935111720e+00	
   1.6319606743778843e+00	
  -9.7476562428185232e-01	
  -2.7268534563583393e+00	
  -1.2045156009603337e+00	
   1.7436177909125115e+00	
   2.4711592462642606e+00	
   1.9779487327786616e-01	
  -2.3812619503450412e+00	
  -2.6216314219503367e+00	
  -1.1903573365197930e+00	
  -1.1682782677362367e-02	
   8.1560909705481943e-01	
   1.5312440358576767e+00	
   8.2687133564556392e-01	
  -5.5741887716366245e-01	
  -8.5152442451640575e-01	
  -2.7779345276050199e-01	
   1.0415739830390124e-01	
  -2.1569023245789240e-01	
  -2.6974899399312968e-01	
   1.7816639944136731e-01	
  -1.8512129094796695e-01	
  -1.0108048306338868e+00	
  -1.3319399971953900e+00	
  -1.3152074990114730e+00	
  -7.7429757412164468e-01	
   3.6254533724830185e-01	
   1.4887692902909484e+00	
   2.1735139258408425e+00	
   1.7999290222322695e+00	
   5.0991977074748607e-01	
  -3.5920337865598745e-01	
  -1.1433006063577444e-01	
   3.2722620871160332e-02	
  -6.8870449091260322e-01	
  -2.9677837566954801e-01	
   2.0300006664495727e+00	
   3.7302815534093949e+00	
   2.6542514218564826e+00	
  -1.4578787295538444e-02	
  -1.5678039243684165e+00	
  -2.0604478035402534e+00	
  -2.3642076303151733e+00	
  -1.3161728354308384e+00	
   7.5704545684010560e-01	
   1.8790865311071527e+00	
   1.7590631568436161e+00	
   1.2783262553822032e+00	
   6.0806213269718090e-01	
  -3.4568868698970567e-01	
  -1.6356992917482902e+00	
  -2.6193789628863633e+00	
  -2.4211626269653048e+00	
  -6.7004133867260263e-01	
   9.1889991516146685e-01	
   6.8850669186877345e-01	
  -6.0118074615016648e-01	
  -5.4519129651157683e-01	
   1.5833721350390979e+00	
   2.8852887482270471e+00	
   1.4472598814331459e+00	
  -1.1128086669899295e+00	
  -3.0225694024645060e+00	
  -3.9734319528279922e+00	
  -2.8510605529365658e+00	
   4.6905393465951334e-01	
   3.6701087315342820e+00	
   4.3046590913879044e+00	
   2.2352954285674969e+00	
  -2.0925466576424864e-01	
  -1.3737712449837176e+00	
  -1.5575069974780007e+00	
  -1.5832493151271962e+00	
  -1.6965155298759331e+00	
  -1.8043115281405433e+00	
  -1.7373814723360466e+00	
  -1.3647614374842680e+00	
  -5.2878059642362818e-01	
   8.9573188091523737e-01	
   2.7472455406761163e+00	
   4.0816653242609160e+00	
   3.3686012257650493e+00	
   7.9726773712849319e-01	
  -1.4397359118628814e+00	
  -2.0347054568234038e+00	
  -1.5723088299538197e+00	
  -1.4435972584835968e+00	
  -1.0053345938250080e+00	
   6.0516612857410723e-01	
   1.6393615779355299e+00	
   1.4440420978640103e+00	
   9.3112748886459995e-01	
   7.4385254897247799e-01	
   1.0032058191975151e+00	
   7.4771388785743553e-01	
   1.0962762890537933e-01	
  -1.2559230158343579e-01	
  -2.2019512916276121e-01	
  -1.0564204624978267e-01	
   4.1370807761867595e-01	
   4.4974724038799474e-01	
   1.3923122957199408e-01	
  -1.1079049921306432e-01	
  -1.0075870442700294e+00	
  -2.3893064412211018e+00	
  -2.0028493051359169e+00	
   1.5178058191267996e-01	
   1.3214445502318501e+00	
   5.5014205025654583e-01	
  -6.8902626940331213e-01	
  -3.4021845469617046e-01	
   9.7875067117683057e-01	
   1.1608771750201987e+00	
  -1.0853805103941733e-01	
  -9.6318159409519788e-01	
  -7.3954549407692893e-01	
  -9.3003839774296215e-01	
  -1.3863206199769087e+00	
  -7.4952062800078922e-01	
   5.9583455973470056e-01	
   1.5910948166273462e+00	
   1.8916358930027393e+00	
   1.1689216323048559e+00	
  -9.1805578999283155e-02	
  -1.0590716280658354e+00	
  -1.3319399971953900e+00	
  -8.0454475621621657e-01	
  -2.8093475578945929e-02	
   1.1702852910895291e-01	
  -1.1157046752116508e+00	
  -2.7738333365806089e+00	
  -3.1332618486145560e+00	
  -1.3078065865210213e+00	
   1.9521302558333582e+00	
   4.4990145591394164e+00	
   4.6727761944224673e+00	
   2.8756353756784194e+00	
   4.2368320304682711e-01	
  -1.6106005291852603e+00	
  -2.6509133912510685e+00	
  -2.2358175875520110e+00	
  -6.2273990301171722e-01	
   4.6519259580856326e-01	
   3.3422885178346845e-01	
   1.1091474198606661e-01	
   8.6838072959383350e-01	
   2.1342569324793392e+00	
   2.1339351538551701e+00	
   1.0044929322581571e+00	
   1.5467658628953265e-01	
  -5.2749348270377294e-01	
  -5.9603229086086762e-01	
   7.0692457843378131e-02	
   6.7981867945219254e-01	
   9.0281100247175017e-01	
   1.5757259066288898e-01	
  -1.2231787682642659e+00	
  -1.7734207318572903e+00	
  -6.1566077681763720e-01	
   7.2422407634480535e-01	
  -2.0249732077060476e-01	
  -2.4501227984417970e+00	
  -3.0518514115240016e+00	
  -1.4374834596812369e+00	
   9.6266175813708310e-01	
   2.0962870559249493e+00	
   1.4137949327464359e+00	
   3.1170437457362454e-01	
  -5.5355753588704282e-01	
  -1.3988699952766770e+00	
  -1.6118876451807564e+00	
  -4.8244450363563679e-01	
   1.0070671583815640e+00	
   1.6075055152027675e+00	
   1.1985252354451463e+00	
   2.2425715798135678e-02	
  -8.1999012627782242e-01	
  -7.2538723969796848e-01	
   1.2764721196637385e-01	
   9.1889991516146685e-01	
   5.2568690432384813e-01	
  -8.9367741722326111e-01	
  -2.4420783061134097e+00	
  -3.0383366377298655e+00	
  -1.8551526352771373e+00	
   5.9873056385704104e-01	
   3.4593430513908601e+00	
   5.6764130945460733e+00	
   5.0856214708292669e+00	
   1.3783993149576672e+00	
  -2.2441838545792363e+00	
  -3.7263038658734056e+00	
  -3.5399926297748006e+00	
  -2.5669288492072915e+00	
  -9.0011298885493596e-01	
   1.5386449386674361e+00	
   2.9258329152759512e+00	
   2.1941077593983258e+00	
   1.0994175225707326e+00	
   1.3404294715308436e+00	
   1.6792621024713292e+00	
   8.6194516460949067e-01	
  -4.2573498861075455e-02	
  -8.6278667422690392e-01	
  -1.6752781124507636e+00	
  -1.8175044730715686e+00	
  -1.1475607665847400e+00	
  -2.8004590122515727e-01	
   6.3348261334768297e-01	
   1.0032058191975151e+00	
   6.6308621111597787e-01	
   7.3266684052065364e-02	
   1.5982503850643098e-01	
   6.0580968504587851e-01	
  -2.9677837566954801e-01	
  -1.9928741470620581e+00	
  -2.4427218654925418e+00	
  -6.0021541078107032e-01	
   1.5489418470117808e+00	
   1.9624271691479458e+00	
   9.9483958432042929e-01	
  -8.4649997740019814e-03	
  -4.8051383315238289e-01	
  -9.8892388367932638e-01	
  -1.6527535799186166e+00	
  -1.2881780799757812e+00	
  -1.4232477401176136e-01	
   5.5400338908632363e-01	
   7.8150060321640324e-01	
   5.5400338908632363e-01	
   2.3769537703379098e-01	
   2.3319048147628263e-01	
   1.0640984620031077e-01	
  -4.0360879533621052e-01	
  -1.0085523801774776e+00	
  -1.4471368262454933e+00	
  -1.8496823892755498e+00	
  -1.8403507933213170e+00	
  -4.6764269669679159e-01	
   1.5135462250010234e+00	
   3.2340974267404570e+00	
   4.2171348208982016e+00	
   2.8743482593547047e+00	
  -6.7993984491158801e-02	
  -2.2432185160661096e+00	
  -2.9672231958816875e+00	
  -2.4868056859303556e+00	
  -2.0832941377028469e+00	
  -1.5304775654556073e+00	
   9.0763767626962166e-01	
   3.1098906117413700e+00	
   3.1169697555762443e+00	
   2.5422723681445314e+00	
   2.9351645098200407e+00	
   2.9795700314947879e+00	
   7.5640190035804500e-01	
  -1.8693109193815203e+00	
  -3.2053406749204836e+00	
  -3.2304395564949617e+00	
  -2.0456459539673424e+00	
  -5.5548820652326170e-01	
   6.3058660922134180e-01	
   1.3368899099121485e+00	
   1.1216202240018438e+00	
   2.3898249004897121e-01	
  -7.1991700512099144e-01	
  -4.4704887872350302e-01	
   4.7066282584694480e-01	
  -3.5534203816273652e-01	
  -2.2435402955701957e+00	
  -2.9382629758099026e+00	
  -1.1929315663918660e+00	
   1.0424627678741958e+00	
   1.8037903639477797e+00	
   1.8414384466362068e+00	
   1.8385424402129491e+00	
   1.1837234338087601e+00	
  -7.7461935264806958e-01	
  -2.3712867819223935e+00	
  -1.7064906808351330e+00	
  -5.6578511665389697e-01	
  -5.5580998496303802e-01	
  -4.6120712853340790e-01	
   4.8771707241810813e-01	
   1.8539878079258485e+00	
   2.4273973298623766e+00	
   1.3240187768328517e+00	
  -7.9070827914682806e-01	
  -1.9314143077131340e+00	
  -1.1893920003207599e+00	
  -1.2881008472747110e-01	
   2.2450246859586936e-01	
  -1.1658250881832134e-01	
  -9.0300899610895580e-01	
  -1.0931801671895733e+00	
   5.5247100521045700e-02	
   2.0383669094253727e+00	
   3.3245174393348167e+00	
   2.3714078242967469e+00	
  -3.1351085035613574e-01	
  -2.5563101155850139e+00	
  -3.2577909045104820e+00	
  -2.8478427518532978e+00	
  -1.6411695350539199e+00	
   6.4796263398722242e-01	
   3.1005590132425991e+00	
   3.8663944493536233e+00	
   2.8775660501710867e+00	
   1.4218393914787721e+00	
   2.7856121500655229e-01	
  -4.6281602057025079e-01	
  -1.3493160535627036e+00	
  -1.7299805533405488e+00	
  -1.5182499657577466e+00	
  -1.2112729545679581e+00	
  -3.0707528314002797e-01	
   1.0768930431203940e+00	
   2.2845275680466397e+00	
   2.8222200513993170e+00	
   1.9646796189549462e+00	
  -4.6434838424548847e-02	
  -1.7138915994342858e+00	
  -1.6875057162991882e+00	
  -2.5076407151627145e-01	
   1.5821614718982910e-01	
  -1.3573605242980979e+00	
  -3.1232866554173957e+00	
  -2.7229920966631793e+00	
   3.5224843346362483e-01	
   3.2511517334918056e+00	
   3.8808745481858677e+00	
   2.5802422743475044e+00	
   2.8861281475518395e-02	
  -2.6882398615963239e+00	
  -3.8994222110441723e+00	
  -2.9601440307038560e+00	
  -1.1324371674356888e+00	
   2.5603673744881383e-01	
   9.3949372353396476e-01	
   9.8035956248644873e-01	
   8.2397533143353840e-01	
   9.4850351474472849e-01	
   1.2068914712124890e+00	
   1.4897346253989947e+00	
   1.3533006047703524e+00	
   1.4373612529176463e-01	
  -1.5996600433684298e+00	
  -2.4263111017114709e+00	
  -1.8310191975758474e+00	
  -1.0896406017199094e+00	
  -8.2739103288249549e-01	
  -3.3828778448141950e-01	
   5.0284064954497454e-01	
   1.5746841183236853e+00	
   2.4177439664273157e+00	
   1.8424037821129686e+00	
   6.2575993567846366e-01	
  -3.2895621182428331e-01	
  -1.2254312195325152e+00	
  -1.5652296926247140e+00	
  -1.0211017471079047e+00	
   6.0613146328176903e-01	
   2.4563574211995376e+00	
   2.6236824247984702e+00	
   9.6974087986204238e-01	
  -9.5449357158972903e-01	
  -1.3785979276372504e+00	
  -9.6511226577870568e-01	
  -6.8066002868700126e-01	
   9.3860493604253012e-02	
   6.9848181724652292e-01	
   9.2211769770989449e-01	
   1.3005289592793465e+00	
   1.1081055361430245e+00	
   7.6239146535598372e-03	
  -9.9246344857720104e-01	
  -1.5336953549016383e+00	
  -1.9977008364209048e+00	
  -1.8892612296274576e+00	
  -4.1100969830007011e-01	
   7.1971918099598009e-01	
  -8.2795786439305186e-02	
  -1.4313696609535398e+00	
  -1.0455569244088363e+00	
   1.5521596308903689e+00	
   3.6089705816653130e+00	
   3.0896185187289515e+00	
   8.5036114766726623e-01	
  -1.2344410246962882e+00	
  -2.3735392392826817e+00	
  -2.2348522490614471e+00	
  -8.5635110294169070e-01	
   2.1130956009745214e-01	
  -4.0650480083745083e-01	
  -1.4320132187108408e+00	
  -5.8509182347321953e-01	
   1.4147602677914595e+00	
   2.4122737272231913e+00	
   1.7181972934186391e+00	
   1.8886154665914655e-02	
  -1.6054520652391924e+00	
  -1.9832207685223924e+00	
  -6.5459597162732042e-01	
   1.3552312747672723e+00	
   2.2114838069924612e+00	
   1.0218689586468825e+00	
  -1.3531773995002359e+00	
  -3.1812071371744479e+00	
  -3.0991531249977644e+00	
  -1.0819179134942485e+00	
   1.8848785442642704e+00	
   4.0189181920369359e+00	
   3.1941967875210748e+00	
   1.4703036955284274e-02	
  -3.1210341924879805e+00	
  -3.9966002248847796e+00	
  -1.6064174022247064e+00	
   1.6107232992694076e+00	
   2.9023430402525876e+00	
   2.5876431886010072e+00	
   1.4173344945819912e+00	
  -2.9870904581324392e-01	
  -8.3479193956340347e-01	
   6.0355723739473333e-01	
   2.0225997592860665e+00	
   1.4890910686602030e+00	
  -1.1626073050631605e-01	
  -9.8474076155236068e-01	
  -8.3221771114398113e-01	
  -2.8294190640032657e-01	
   1.4759746447322677e-01	
   5.3437491669725068e-01	
   7.6026323925153849e-01	
   3.5964933306116437e-01	
  -4.9499386187245042e-01	
  -8.5635110294169070e-01	
  -1.5262168022024819e-01	
   4.9801397599578179e-01	
  -3.2734731999476313e-01	
  -1.8905483464508637e+00	
  -2.1167591930501963e+00	
  -2.4175427790219203e-01	
   2.0039366024398486e+00	
   2.4322240116441267e+00	
   9.3434527142677692e-01	
  -6.5266530076720375e-01	
  -1.3583258607946755e+00	
  -1.3975828798471497e+00	
  -1.2756287073125094e+00	
  -7.6046109761610292e-01	
  -5.5444630775167758e-02	
  -1.5036923198063851e-01	
  -6.8066002868700126e-01	
  -1.0645418653444114e+00	
  -8.0518831329557039e-01	
   1.9972554282764735e-01	
   8.5068292591515815e-01	
   8.0788641918164739e-01	
   9.9870092349080519e-01	
   1.4820119445582534e+00	
   1.4327798554421951e+00	
   4.8192506415171671e-01	
  -2.2309113419576973e-01	
  -4.0264346017094149e-01	
  -6.5942264879752766e-01	
  -1.0140226170140403e+00	
  -1.7830741054554928e+00	
  -2.3767570355374259e+00	
  -1.7035946692431638e+00	
   1.5990150098049279e-02	
   2.2398003300513007e+00	
   3.5542680360702192e+00	
   2.5300447718338024e+00	
   4.7098460408439885e-01	
  -1.0693685453365276e+00	
  -1.5098837135119874e+00	
  -8.2288613320103254e-01	
   5.1539000076538588e-01	
   1.9978228097876662e+00	
   2.6156379522055566e+00	
   1.2973111760840927e+00	
  -8.4605418900761653e-01	
  -1.6691643106518945e+00	
  -7.8073314467653043e-01	
  -1.0073891224930926e-02	
  -3.0578816970116501e-01	
  -9.2102859707800633e-01	
  -1.1958275750118481e+00	
  -3.3249577385740681e-01	
   1.4334234121490887e+00	
   2.8556850730848020e+00	
   2.7456366457305919e+00	
   6.8947202658224183e-01	
  -2.3310643315475241e+00	
  -4.3438028228466878e+00	
  -3.7777888619882165e+00	
  -1.0989721834574238e+00	
   1.0665961383137521e+00	
   1.1322389073889445e+00	
  -9.4379805454823523e-02	
  -3.0450105626375001e-01	
   1.0826850520972933e+00	
   2.1593556656610895e+00	
   2.0393322451598834e+00	
   1.2117181457135957e+00	
  -2.0217554243845520e-01	
  -1.8120342275623331e+00	
  -2.4082914404444784e+00	
  -1.3625089856338539e+00	
   3.7123334979921657e-01	
   1.0694921427853394e+00	
   4.9994464541566519e-01	
  -3.3571355753367188e-01	
  -4.8534050936785395e-01	
  -7.9578003395047128e-02	
   1.1155829852612414e-01	
   1.4791924273806253e-01	
   2.3673004227204228e-01	
   3.7927780585127541e-01	
   3.2586261740597977e-01	
  -2.9947688520265588e-03	
   1.0029605904739433e-01	
   6.2093326213676825e-01	
   6.8014045768969900e-01	
   3.1234793106711806e-01	
  -5.4486951807561645e-01	
  -1.8792860743832904e+00	
  -2.4861621264656306e+00	
  -2.0327747808890484e+00	
  -6.8934804789415072e-01	
   1.1740700849870409e+00	
   2.3060867415252173e+00	
   2.4093777182548837e+00	
   1.5055017656175689e+00	
  -2.5816497346327738e-01	
  -1.6627287299009232e+00	
  -1.5324082391206275e+00	
  -4.0747013600634507e-01	
  -5.4801074177019737e-02	
  -1.1682782677362367e-02	
   7.5801079156333706e-01	
   1.5640654313287725e+00	
   1.5740405615329403e+00	
   8.4296024797350666e-01	
   4.0180228273192814e-01	
   6.8335824006536661e-01	
   5.4982027202071548e-01	
   2.5474962444077570e-01	
   2.0905711229882865e-01	
  -1.0371137639317425e-01	
  -6.4397728195277615e-01	
  -1.2160996357658074e+00	
  -8.4347996054750507e-01	
   7.0523916025124478e-01	
   1.7815876493302991e+00	
   9.1375146309132982e-01	
  -1.0706556600075088e+00	
  -1.4915423148638556e+00	
  -3.5308958954803388e-01	
   1.8170596030811756e-01	
  -1.6935415297277953e-01	
  -5.9474517704336149e-01	
  -2.1182889243782380e-01	
   6.5825953756222899e-01	
   8.5840560387315468e-01	
   3.2425372617757603e-01	
  -3.5019358419313756e-01	
  -1.0413738019079875e+00	
  -1.3061976925149161e+00	
  -7.3085747431356340e-01	
   2.3447759449341152e-01	
   5.7781497853205288e-01	
   4.8811534933981618e-02	
  -5.9217094941411652e-01	
  -1.0420173592139814e+00	
  -1.3255044209083493e+00	
  -1.2897869739279910e+00	
  -3.5791626515670416e-01	
   1.1399615862550641e+00	
   1.6345349016957413e+00	
   1.0234778499858732e+00	
   4.0727251281794707e-01	
  -2.3628404609721584e-01	
  -8.4605418900761653e-01	
  -8.9528631012550985e-01	
  -1.6098791657095696e-01	
   6.5665064637808146e-01	
   5.4563715495467657e-01	
  -3.8751987603252125e-01	
  -1.4236469679301844e+00	
  -1.8773553992027707e+00	
  -1.0198146325394895e+00	
   8.6548472534940046e-01	
   2.8624424335393721e+00	
   3.7659991161299686e+00	
   2.3212103413072920e+00	
  -2.6106097858527971e-01	
  -1.7953017123264392e+00	
  -1.5764919566075641e+00	
  -7.7333223854320188e-01	
  -3.7175273535480735e-01	
   7.5640190035804500e-01	
   2.5007628976344303e+00	
   2.5944005451889209e+00	
   1.1566940572470941e+00	
   6.9803580792823540e-03	
  -2.9452592717264447e-01	
  -7.9875274252751793e-01	
  -1.7502526361061503e+00	
  -1.9272311776304134e+00	
  -1.1961493537483110e+00	
   3.6962445858725340e-01	
   2.4148479574300867e+00	
   3.4065712067160225e+00	
   2.0332184521974961e+00	
  -9.3711752692188355e-01	
  -3.4756364502322827e+00	
  -4.6198920537640413e+00	
  -3.6757842244376677e+00	
  -1.6034435992678747e-01	
   3.0764255698598415e+00	
   2.7614038164379373e+00	
  -3.2799087672629285e-01	
  -2.3690343245769432e+00	
  -8.0937143432521019e-01	
   2.1442320699082686e+00	
   3.0841482715842745e+00	
   1.5170857871488219e+00	
  -8.8338050273804047e-01	
  -2.5299241729475432e+00	
  -2.7001457194636367e+00	
  -1.0638983080149957e+00	
   1.3504045997803724e+00	
   2.2426963381657417e+00	
   1.3298107867031568e+00	
  -9.4058027147640638e-02	
  -1.5317646812314214e+00	
  -2.3555195808151916e+00	
  -1.7235449717072087e+00	
  -9.3414470533481037e-02	
   9.7199332768772584e-01	
   1.2564453301393919e+00	
   1.2577324433798964e+00	
   8.6226694285842498e-01	
   4.4685123624345624e-01	
   3.4999598575764446e-01	
   2.6890786750072748e-01	
   5.8786661584811786e-02	
  -5.7029001487373110e-01	
  -1.6878274953523571e+00	
  -2.4359644920734778e+00	
  -1.7907968044910512e+00	
   3.5296847130462036e-02	
   1.6152281969806035e+00	
   2.1255689096829293e+00	
   1.7198061856431690e+00	
   7.6541169111381413e-01	
  -5.8895316488835214e-01	
  -1.7888661297190500e+00	
  -1.6952284136394953e+00	
  -6.9578361773825126e-01	
  -4.2573498861075455e-02	
   8.9508832441089725e-01	
   2.2085877990261751e+00	
   2.4296497813551872e+00	
   1.5151551168849360e+00	
   2.6182874597853217e-01	
  -3.4697580047450460e-01	
  -2.6460054041051151e-01	
  -1.2945364135714477e-01	
   4.5915530412765471e-02	
   2.3069272366891245e-02	
  -3.1383262871789752e-01	
  -2.4111072121799806e-01	
   3.7219868452614335e-01	
   9.5204307558573165e-01	
   9.5075596255209882e-01	
  -8.4082899658898647e-02	
  -1.6595109395599501e+00	
  -2.2309908951251729e+00	
  -3.6177760565916339e-01	
   2.1599992229351250e+00	
   2.1542072074922443e+00	
  -1.6291858650528121e-01	
  -2.1251254573531080e+00	
  -1.8622317772687125e+00	
  -1.5937902496109974e-01	
   9.1954347167086814e-01	
   5.2826113021261656e-01	
  -4.6571202624328895e-01	
  -1.4863938522097258e+00	
  -1.8911919048640873e+00	
  -6.7422445896460736e-01	
   1.2696382409081006e+00	
   1.8237406297690169e+00	
   6.6051198522039767e-01	
  -1.0330075569904331e+00	
  -2.0395321467015504e+00	
  -1.7740642900904027e+00	
  -6.1501721989384428e-01	
   8.6033627336526119e-01	
   1.8584927068990214e+00	
   1.8668589479178923e+00	
   1.1435011474131942e+00	
   3.2079064305778560e-02	
  -6.8419959205630043e-01	
  -3.0160505103484930e-01	
   4.4556412328998790e-01	
   4.1499519057801937e-01	
  -3.2026819597235401e-01	
  -6.5298707924357424e-01	
  -2.4465028298522232e-01	
   1.7945351248439015e-01	
   5.2029317730199462e-02	
  -7.2088234063177659e-01	
  -1.7557228808241030e+00	
  -1.8117124484169405e+00	
   9.2573380513261208e-02	
   3.0275151290259696e+00	
   4.6599049580307739e+00	
   3.1967710221838082e+00	
  -3.6821317319409069e-01	
  -3.1625438694739234e+00	
  -3.2001921866850802e+00	
  -1.4786711583301759e+00	
   6.9405344737792418e-02	
   1.1592682835678034e+00	
   1.4832990580279670e+00	
   5.6043895380197006e-01	
  -7.2603079670956039e-01	
  -5.2684992584452517e-01	
   1.3533006047703524e+00	
   2.4254666571616808e+00	
   1.4588439023565420e+00	
  -4.3321240751482176e-01	
  -1.9677753633507373e+00	
  -2.1132196197476025e+00	
  -7.9746562838069190e-01	
   4.1853475121486655e-01	
   4.5457391395992719e-01	
  -3.6016871378145759e-01	
  -7.4211972217384514e-01	
  -9.4058027147640638e-02	
   1.1692434105970331e+00	
   2.5474208298363172e+00	
   2.1522765356896505e+00	
  -6.1759144759195328e-01	
  -3.4328396000720787e+00	
  -3.5020224818155139e+00	
  -7.7172334591523439e-01	
   1.9228484093837870e+00	
   2.3987590188349319e+00	
   1.1225855588526685e+00	
  -3.8912876795169599e-01	
  -1.0832050281917018e+00	
  -8.8498939561621259e-01	
   7.1336014395860056e-02	
   1.0640219121202252e+00	
   5.8360698677536949e-01	
  -9.9181989132159365e-01	
  -2.0218342841097403e+00	
  -1.6041649492616439e+00	
   3.3044399153767653e-02	
   1.6412922484383341e+00	
   1.7635680552928645e+00	
   3.1009548333941728e-01	
  -1.3924344181614543e+00	
  -2.0958435331098184e+00	
  -1.4397359118628814e+00	
  -6.8561083245713946e-03	
   1.1003828574101444e+00	
   1.3130783138124369e+00	
   1.1084273144242436e+00	
   9.3370171491404685e-01	
   6.5214575106357653e-01	
   3.4774353805053260e-01	
   4.1467341233820826e-01	
   1.5113702538401322e-01	
  -9.5899847213377620e-01	
  -2.4787611927116804e+00	
  -3.4003397412884322e+00	
  -2.5070778097148709e+00	
  -2.0442799076518078e-01	
   2.0168077450391331e+00	
   3.6907026372229348e+00	
   3.9571364134630795e+00	
   2.1094799788848637e+00	
  -1.0717447805722971e-02	
  -1.0796654627802591e+00	
  -1.1028335276669434e+00	
  -1.2299361220962237e+00	
  -1.5410962707098064e+00	
  -2.2019512916276121e-01	
   1.6087926288281478e+00	
   1.7227021916547416e+00	
   7.8246593794420805e-01	
   2.0583932972616975e-01	
   3.8346092299335388e-01	
   2.1460380944576540e-02	
  -6.8323425659039527e-01	
  -6.9932318117475412e-01	
  -4.5316266838903752e-01	
  -2.3588579472455184e-02	
   5.9519100326309426e-01	
   6.6598221524920220e-01	
   3.2682795214271498e-01	
  -4.7568715696131442e-01	
  -1.4416665851695085e+00	
  -1.6958719717572477e+00	
  -5.7769091914214676e-01	
   1.3690677431634943e+00	
   1.7658205045264657e+00	
  -2.3049203597702278e-01	
  -2.4546277142305390e+00	
  -1.9668100255475385e+00	
   8.1464376231990199e-01	
   2.4154915149837017e+00	
   1.6522327146956581e+00	
   1.1895919872316808e-01	
  -1.1340460609436993e+00	
  -1.4921858726994419e+00	
  -7.6786200362222023e-01	
   5.4982027202071548e-01	
   1.4897346253989947e+00	
   1.3262712251127720e+00	
   4.2239609008921464e-01	
  -6.8291247810201883e-01	
  -1.5784226304603528e+00	
  -1.4374834596812369e+00	
  -4.5123199796423302e-01	
   2.2804202940213078e-01	
   1.8331485160956770e-01	
  -2.4754628807507378e-01	
  -5.3392905132121715e-01	
   1.2450588953228457e-02	
   1.2043172448178849e+00	
   1.6271339981756372e+00	
   1.2313466221710709e+00	
   8.1464376231990199e-01	
  -5.5766409074338913e-02	
  -1.1646150384348664e+00	
  -1.1739466213575602e+00	
  -9.4701583762075159e-02	
   5.6687451851703363e-01	
  -6.0914861869912004e-02	
  -1.8493606101012301e+00	
  -3.3363053782251413e+00	
  -2.9331144925484773e+00	
  -7.6560955396047559e-01	
   1.8485175734930672e+00	
   3.4467936485862443e+00	
   2.8492494917956344e+00	
   6.5439819872062810e-01	
  -5.6288911066757030e-01	
  -1.4457722223838204e-01	
   1.0752841517408986e+00	
   1.2361732967479830e+00	
  -8.1612878373160025e-01	
  -2.4314595765366032e+00	
  -1.6215410152617469e+00	
   2.5700207220449844e-01	
   2.0837376904266276e+00	
   3.1095688324791477e+00	
   2.7002658105483217e+00	
   7.4867922257907304e-01	
  -1.4191420637212262e+00	
  -1.7872572340823969e+00	
  -6.9192227582553978e-01	
   4.4524234505158783e-01	
   6.5568531166769439e-01	
  -1.6509457043713000e-02	
  -1.4650789214979668e-01	
   4.2143075537084107e-01	
   8.1046064513781424e-01	
   7.5929790452790979e-01	
   5.5175094143566061e-01	
   7.0459560377435437e-01	
  -8.1186894916333532e-02	
  -2.4980679767670302e+00	
  -4.3653622246478321e+00	
  -3.1960090400669601e+00	
  -1.1529539557072613e-01	
   1.5923819302312265e+00	
   1.2915191663513337e+00	
   4.8160328591460622e-01	
   8.9999154328897199e-02	
  -2.3081381431632830e-01	
  -7.9006472208016887e-01	
  -8.1098032703531553e-01	
   8.5892495145390400e-03	
   3.2039238722677416e-01	
   4.1732412763231225e-02	
   1.7430506030837828e-01	
   6.3702217394721228e-01	
   1.0373143155492397e+00	
   7.8504016388596309e-01	
  -2.1697734580051198e-01	
  -1.1704070554036159e+00	
  -1.0510271615678086e+00	
  -2.0989822243215830e-01	
   4.6880865253658754e-02	
  -1.8673018258856516e-01	
   6.0395552975309227e-02	
   8.5261359540310711e-01	
   1.4318145203825161e+00	
   1.4765417123285929e+00	
   1.0746405951894613e+00	
   5.5239449790728989e-01	
  -1.2752297146899119e-01	
  -8.1194566266308765e-01	
  -8.6503912419067741e-01	
  -1.0793436841075126e+00	
  -1.5639425767581425e+00	
  -1.3885730719311584e+00	
  -9.5513712880841883e-01	
  -6.2177456761811556e-01	
   2.6343763723493036e-01	
   1.4540172269575671e+00	
   2.1918553088199220e+00	
   2.4647236700986679e+00	
   1.6618860673819442e+00	
  -4.1286385675283907e-02	
  -1.7071342389692601e+00	
  -2.9652925144520910e+00	
  -3.1934347960268319e+00	
  -2.1006702237620241e+00	
   3.0333814014827570e-01	
   2.9599415032225762e+00	
   3.6971382330192828e+00	
   2.2372261006278822e+00	
   3.7091157155686594e-01	
  -6.0954698606132618e-01	
  -6.5266530076720375e-01	
  -4.9306319136364374e-01	
  -3.7979719485482560e-01	
  -5.2910237485387546e-01	
  -8.7340536697683802e-01	
  -2.9967438088630327e-01	
   1.0537250073781439e+00	
   1.8777994170781442e+00	
   1.6844105573759796e+00	
   4.9994464541566519e-01	
  -7.3053569580569189e-01	
  -1.0793436841075126e+00	
  -2.5398185496595321e-01	
   5.4338470730352872e-01	
   1.1928097699203984e-01	
  -1.0034039220213238e+00	
  -1.6134965401801840e+00	
  -8.4959375315553343e-01	
   5.8457232148261284e-01	
   1.4041415823387502e+00	
   1.3166178753682003e+00	
   6.1063635858459053e-01	
  -8.7083113841656046e-01	
  -2.2789360427954350e+00	
  -2.3979944915811338e+00	
  -7.5434730575277897e-01	
   1.2194408249460609e+00	
   1.8700767329490278e+00	
   1.5132244466245304e+00	
   4.4620767976674847e-01	
  -9.8860210505321189e-01	
  -1.6180014462085079e+00	
  -1.0458787030639125e+00	
  -5.5766409074338913e-02	
   4.4556412328998790e-01	
   3.1113729457287572e-02	
  -7.1702099859581769e-01	
  -9.5095400689816523e-01	
  -2.4078894287602690e-01	
   9.7842889291503155e-01	
   1.7841618770815573e+00	
   2.0502727169125876e+00	
   1.5486200686244735e+00	
   4.3365832846006896e-01	
  -2.7714989605710383e-01	
  -7.0994187157950639e-01	
  -6.2306168147649710e-01	
  -3.0610994806074493e-01	
  -7.3697126598865770e-01	
  -1.3489942747358621e+00	
  -1.8773553992027707e+00	
  -2.3140100140011595e+00	
  -1.5558981026716727e+00	
   8.4199491323192666e-01	
   3.4461500894801795e+00	
   4.6016626217259224e+00	
   3.0606583876318911e+00	
  -2.0185376410638547e-01	
  -2.4623504271532761e+00	
  -2.7023981791119418e+00	
  -1.5587941133270073e+00	
  -3.2606020653281592e-01	
   9.3691949747917913e-01	
   2.1921770874734809e+00	
   2.0547776170969452e+00	
   5.2214734372626237e-01	
  -8.9625164586867190e-01	
  -1.2592179896505558e+00	
  -8.3575727522307641e-01	
  -2.6073920023804736e-01	
   4.0469828689574378e-01	
   4.2336142480744732e-01	
  -5.5444630775167758e-02	
   2.7972403407780788e-03	
   4.3365832846006896e-01	
   4.0469828689574378e-01	
   3.3455063002841917e-01	
   1.3118677290767045e-01	
  -7.4051082961225845e-01	
  -1.4648346654330398e+00	
  -6.0793809376434627e-01	
   8.3362867881516611e-01	
   8.4682158694231779e-01	
  -3.2477309307235008e-01	
  -1.3660485528317468e+00	
  -8.1612878373160025e-01	
   6.5118041635353174e-01	
   1.5055017656175689e+00	
   1.1930550043899750e+00	
   1.5564192108103872e-01	
  -1.2016195922960577e+00	
  -2.0852248138922076e+00	
  -1.4258994200497550e+00	
   6.0902746740493285e-01	
   2.2291816337501165e+00	
   1.9424768997326349e+00	
   3.4259508614425366e-01	
  -1.5159975132157606e+00	
  -2.5173747619593962e+00	
  -1.9523299587811860e+00	
  -1.7578971947086669e-01	
   1.6538416068030921e+00	
   2.4096994970283849e+00	
   1.5151551168849360e+00	
  -5.3264193759409040e-01	
  -1.9642357914171669e+00	
  -1.5883977788268397e+00	
  -3.2734731999476313e-01	
   7.4063476657026261e-01	
   1.3240187768328517e+00	
   9.6684487551765763e-01	
  -7.8934446787003495e-02	
  -8.6149955996514183e-01	
  -7.7397579559535834e-01	
  -3.3989667632681042e-01	
  -6.3850704793132063e-01	
  -1.5726306089258595e+00	
  -1.8149302398819098e+00	
  -1.1379074053808473e+00	
  -5.2226847787012864e-02	
   1.3645628464599027e+00	
   3.0226884411034711e+00	
   3.3898386722413272e+00	
   1.4881257335527209e+00	
  -6.7969469322535847e-01	
  -1.7235449717072087e+00	
  -1.7325547860204011e+00	
  -1.3029799045172012e+00	
  -7.5048596354873376e-01	
   5.9679989444212667e-01	
   2.1062621927727130e+00	
   2.2970769375868203e+00	
   1.9296057584616908e+00	
   1.9820556605594166e+00	
   2.1268560241639372e+00	
   8.1753976652532412e-01	
  -1.3567169666347056e+00	
  -2.2683173182572114e+00	
  -2.2873023108383426e+00	
  -1.7924057001410716e+00	
  -6.8130358566207494e-01	
   9.6781021029875525e-01	
   2.2037611191125848e+00	
   1.8253495221953564e+00	
   3.1942705248848791e-01	
  -1.3946868701425690e+00	
  -2.0125026841594753e+00	
  -7.0640230809533766e-01	
   6.0645324151766267e-01	
   8.5172480224608507e-02	
  -1.7721336153939617e+00	
  -2.5334637504934099e+00	
  -9.2231571145131808e-01	
   1.0505072246566363e+00	
   1.5659961016832109e+00	
   9.0281100247175017e-01	
  -4.9009064805301233e-02	
  -8.6343023135867147e-01	
  -1.1028335276669434e+00	
   2.3391050651183975e-02	
   1.7194844071980275e+00	
   2.0525251670010443e+00	
   1.1525109394841009e+00	
  -1.1361004386755681e-02	
  -1.1427340859629347e+00	
  -1.7328765651064495e+00	
  -1.3853552834281115e+00	
  -2.6234809197506820e-01	
   7.9791129361584168e-01	
   1.0910512873160707e+00	
   7.3033786289447800e-01	
  -5.8340635470043506e-02	
  -8.1387633392248060e-01	
  -7.7783713791995157e-01	
   1.2925610330401338e-01	
   1.0427845461449130e+00	
   1.1602336184390600e+00	
   8.3523757004774279e-01	
   7.1231828150064269e-01	
   4.3558899789325106e-01	
  -1.0918160766010773e-01	
  -5.2845881799349437e-01	
  -1.3483507170827724e+00	
  -2.2808667200184862e+00	
  -2.1852982100167950e+00	
  -1.2926829830540445e+00	
  -5.7286424243827239e-01	
   5.3437491669725068e-01	
   1.8224535158302566e+00	
   2.1429449553926183e+00	
   1.6567376126034647e+00	
   7.4224365777115486e-01	
  -2.3853649448457359e-01	
  -1.2331539096639834e+00	
  -2.1791844004734813e+00	
  -2.3127228957296837e+00	
  -1.3522120630131798e+00	
   5.4982027202071548e-01	
   2.7266516857935987e+00	
   3.5748619345407358e+00	
   2.5876431886010072e+00	
   7.2615474578093364e-01	
  -7.7075801034011482e-01	
  -1.2302579008521646e+00	
  -9.7380028842510247e-01	
  -1.3299320282553151e-01	
   3.2007060898070488e-01	
  -2.8326368475356345e-01	
  -5.3875572781419656e-01	
   3.4227330789990995e-01	
   1.5859463622285221e+00	
   2.3054431840964269e+00	
   1.5972086062607020e+00	
  -2.1279422744174742e-01	
  -1.6282983744392714e+00	
  -1.5259726602675083e+00	
  -8.0390119913742986e-01	
  -5.6353266755260134e-01	
  -6.0890342914216933e-01	
  -4.3449952110750856e-01	
   2.9625901869674232e-01	
   8.3008911810583441e-01	
   4.9865753246910738e-01	
  -1.0628560286921117e-01	
  -4.3449952110750856e-01	
  -1.0262502054078306e+00	
  -1.7312676696785787e+00	
  -1.6218627942679407e+00	
  -2.7521922594900949e-01	
   1.0704574776101163e+00	
   1.3764686449256125e+00	
   1.0443934374992208e+00	
   1.7173083421643065e-01	
  -1.0185275179736966e+00	
  -1.5906502317133238e+00	
  -1.1388727414940927e+00	
  -7.3785993932305866e-02	
   8.2107932722358912e-01	
   8.0402508025026898e-01	
   1.2764721196637385e-01	
  -5.5420109276531826e-01	
  -7.1605566308981738e-01	
   4.9133313213846064e-02	
   1.2030301316221377e+00	
   2.0596042958989931e+00	
   2.1712614753364896e+00	
   1.2699600192210236e+00	
  -2.5848675180982372e-01	
  -1.6273330374078041e+00	
  -1.4664435599359968e+00	
  -3.3410466569437175e-01	
   4.0445299638438639e-02	
  -3.4407979513583531e-01	
  -1.3721623507758927e+00	
  -2.6660370467987118e+00	
  -2.2905201062923797e+00	
   5.2246912196243278e-01	
   3.8062216015120032e+00	
   5.3572052133811443e+00	
   3.4905556705829048e+00	
  -8.8692006707497073e-01	
  -4.1883821271501063e+00	
  -4.3988275692758245e+00	
  -2.0829723583389095e+00	
   8.6387583410354096e-01	
   3.1243706788115824e+00	
   3.8390431534263767e+00	
   2.0328966736220297e+00	
  -1.1227838064795999e+00	
  -2.8426942701932276e+00	
  -1.8805731911753478e+00	
   4.1088856200944615e-02	
   1.0553338987407423e+00	
   1.0128591671696570e+00	
  -3.0989480225239164e-02	
  -1.2331539096639834e+00	
  -8.4798486035883247e-01	
   6.7724445355252660e-01	
   1.4273096234478184e+00	
   1.2632026746646008e+00	
   2.1420556440728092e-01	
  -1.5642643557244558e+00	
  -2.2557679169404063e+00	
  -3.8365853543658135e-01	
   1.9421551211981285e+00	
   1.7252764192286079e+00	
  -3.8591098411581887e-01	
  -1.7418863796122226e+00	
  -1.1671892681915925e+00	
   3.1846171774996562e-01	
   1.4202304997279671e+00	
   1.6126539697145017e+00	
   8.0370330200614148e-01	
  -9.6768649469891388e-01	
  -2.4974244172802398e+00	
  -2.0359925741183380e+00	
   5.0605843191017397e-01	
   2.7443495297781895e+00	
   2.5322972237639165e+00	
   5.2890468668476032e-01	
  -1.8934443593183545e+00	
  -3.2861075972195049e+00	
  -2.1521549279244598e+00	
   7.2293696338769453e-01	
   2.6796719577200774e+00	
   2.4158132937607926e+00	
   4.0276761745335871e-01	
  -1.9742109487655446e+00	
  -2.8134122824576679e+00	
  -1.5401309338587472e+00	
   4.1724763825623995e-01	
   1.7735431876587160e+00	
   2.1574249938428931e+00	
   1.1605553967295992e+00	
  -5.8444826657236792e-01	
  -1.4339438919876950e+00	
  -9.8120119669685812e-01	
  -4.0167812500657663e-01	
  -7.1444677058246997e-01	
  -1.7991630619376269e+00	
  -2.1190116488056359e+00	
  -1.0310768851022669e+00	
   5.6269140145229501e-01	
   2.4238577632496665e+00	
   4.2509217602313925e+00	
   3.9426563109725077e+00	
   8.9444476790668892e-01	
  -1.7325547860204011e+00	
  -2.4214844066346295e+00	
  -1.8432468058364588e+00	
  -9.7026072362926785e-01	
  -1.8158172934551728e-01	
   1.1949856741720470e+00	
   2.3385863926105301e+00	
   2.2439834528877274e+00	
   1.9785160964948316e+00	
   2.0805199044394995e+00	
   1.6142628617550139e+00	
  -4.6506846942631058e-01	
  -2.2837627358728767e+00	
  -2.1701745760695230e+00	
  -1.2984750013528166e+00	
  -4.6957336715415099e-01	
   4.2657920720055081e-01	
   1.3372116882407283e+00	
   1.5782236806801409e+00	
   5.4048870318039155e-01	
  -9.5417179298061972e-01	
  -2.0363143534427417e+00	
  -1.9780723000647145e+00	
  -6.2853191539661935e-01	
   3.7734713639994527e-01	
  -2.2212579918403014e-01	
  -1.3734494661417522e+00	
  -1.0146661742920295e+00	
   4.3977211499672370e-01	
   9.9644847564066008e-01	
   5.0251887130841455e-01	
  -1.8286884265440845e-01	
  -8.3994039643008067e-01	
  -1.2389459273327990e+00	
  -5.7833447603800769e-01	
   1.2683511276571229e+00	
   2.4911095328743245e+00	
   1.8662153909132602e+00	
   5.8972077325475492e-01	
  -5.4776552400340572e-01	
  -1.4139936018173107e+00	
  -1.4255776411749139e+00	
  -7.7461935264806958e-01	
   1.5346593526781752e-02	
   6.9140269600949822e-01	
   1.0048147105234280e+00	
   7.5575834387605922e-01	
  -8.6657126101337648e-02	
  -6.7551157290496988e-01	
  -3.8880698956766307e-01	
   2.6858608925005123e-01	
   6.7016533233187536e-01	
   5.8199809559664861e-01	
   3.1331326580715624e-01	
   3.3101106933259666e-01	
   2.1195311661100799e-01	
   1.9554242546802530e-01	
   1.0866229409436212e-01	
  -1.2366934760099821e+00	
  -2.6158393843897612e+00	
  -2.6287105791133936e+00	
  -1.6373081868313581e+00	
  -2.3467515439446152e-01	
   1.3777557582799855e+00	
   2.3537099932490766e+00	
   2.0435153666917665e+00	
   7.5833256980445185e-01	
  -5.5355753588704282e-01	
  -1.0536013908357897e+00	
  -1.4149589384203047e+00	
  -2.0099284497298280e+00	
  -1.8252271727350311e+00	
  -1.3781987756934164e-01	
   2.1172026656184570e+00	
   3.3473637805397747e+00	
   2.7858590210531320e+00	
   1.0804326041598324e+00	
  -5.8863138643643409e-01	
  -1.4271865355511755e+00	
  -1.2222134320092175e+00	
  -1.4168121737624775e-01	
   1.0691703645105155e+00	
   1.0936255135444253e+00	
  -7.9256225090991700e-02	
  -6.5395241467344323e-01	
   5.6212435357257035e-02	
   1.2976329544032834e+00	
   1.9279968658185351e+00	
   1.0990957442910365e+00	
  -4.8534050936785395e-01	
  -1.4008006684270544e+00	
  -1.3718405719349280e+00	
  -1.2331539096639834e+00	
  -7.9810918545382281e-01	
   6.0395552975309227e-02	
   8.0402508025026898e-01	
   9.2919681932905496e-01	
   3.6190178076242474e-01	
  -4.4479642990892720e-01	
  -7.3632770896793887e-01	
  -7.5112952058137761e-01	
  -1.1063730932141469e+00	
  -1.3174599506593800e+00	
  -6.5169996533884900e-01	
   5.0316242778152720e-01	
   1.0089978279759853e+00	
   9.3563238445268126e-01	
   5.8038920441794672e-01	
  -3.7271807049158928e-01	
  -1.4471368262454933e+00	
  -1.7335201232792579e+00	
  -9.4226598455377208e-01	
   2.1227489486772996e-01	
   6.5439819872062810e-01	
   4.2336142480744732e-01	
   1.1155829852612414e-01	
   1.5113702538401322e-01	
   4.8482106828528621e-01	
   8.8833098112323106e-01	
   1.6110450776766569e+00	
   1.9521302558333582e+00	
   1.2171883768326683e+00	
   1.7977529074504420e-01	
  -8.9271208148372316e-01	
  -1.3496378323897429e+00	
  -8.4927197459590054e-01	
  -3.1222373691000138e-01	
  -2.4465028298522232e-01	
  -9.1781081115548402e-01	
  -1.8297320809376383e+00	
  -1.7711682780489979e+00	
  -6.3167309973225963e-02	
   2.9567237117897820e+00	
   4.7857213229008906e+00	
   3.3261263365559945e+00	
   1.6336459939920889e-01	
  -2.6467302526120218e+00	
  -3.9727883897499545e+00	
  -3.3301915454024824e+00	
  -7.6239176874111847e-01	
   3.0416734139263140e+00	
   5.1416114564220221e+00	
   3.5706787988119615e+00	
   1.2153342487283338e-01	
  -2.5057906907071343e+00	
  -3.2326920203421290e+00	
  -2.5640328309118452e+00	
  -6.3786349098999229e-01	
   1.3600579497722258e+00	
   1.3346374616142815e+00	
   2.6215052422987600e-01	
   1.5346593526781752e-02	
   4.5940058752908336e-01	
   4.8836062889196946e-01	
   3.0526880963270042e-01	
  -2.2405646920824734e-01	
  -1.5250073234469961e+00	
  -2.0253738565633395e+00	
  -5.6288911066757030e-01	
   9.2984037584075729e-01	
   1.2609502264860779e+00	
   7.4642677489550113e-01	
   3.9158186512767548e-02	
  -6.0593083569700154e-02	
   2.9826616325183967e-02	
   2.8692744948941440e-01	
   5.8425054324686421e-01	
   4.3108410254834684e-01	
  -6.6392754751546856e-01	
  -1.8699544777614359e+00	
  -1.5912937896828929e+00	
   2.1163133835424872e-01	
   1.9872041174118920e+00	
   2.6851421997907803e+00	
   1.5569863067271021e+00	
  -1.0600369640526413e+00	
  -2.8336844275043993e+00	
  -2.7226703166907864e+00	
  -1.0310768851022669e+00	
   1.0360272024699084e+00	
   2.1509894211578318e+00	
   1.4868386200773920e+00	
  -2.8068945793013467e-01	
  -1.3181035082748176e+00	
  -1.0124137238219244e+00	
   7.1336014395860056e-02	
   1.2374604099710722e+00	
   1.3497610431168108e+00	
   4.8675173770724917e-01	
  -6.1630433374191951e-01	
  -1.2283272283193021e+00	
  -1.0613240787040681e+00	
  -9.1684547538172023e-01	
  -1.6305508275206215e+00	
  -2.6441560134773496e+00	
  -2.5125480655543186e+00	
  -1.0809525774729465e+00	
   1.1251597851240152e+00	
   3.7756525121517668e+00	
   5.2201261728411330e+00	
   3.2238004871872064e+00	
  -2.0024487244723338e-01	
  -2.3317078907166136e+00	
  -2.5801218217734516e+00	
  -1.6469615574492749e+00	
  -8.5763821719401800e-01	
   4.8160328591460622e-01	
   2.2504190265388808e+00	
   2.4656890065185459e+00	
   1.3748597532345006e+00	
   9.0635056325610752e-01	
   1.3816170983510383e+00	
   1.2023865750246514e+00	
  -7.1855324116200353e-02	
  -8.9142496716645070e-01	
  -1.3962957644208660e+00	
  -1.5739177248162268e+00	
  -6.5427419315031865e-01	
   7.2551118930216218e-01	
   1.8475522380088620e+00	
   2.2227460603244613e+00	
   1.5450805063706918e+00	
   1.4019656436982308e-01	
  -1.5427051654659216e+00	
  -2.3735392392826817e+00	
  -2.5669288492072915e+00	
  -2.8658624383736440e+00	
  -2.6065077685433566e+00	
  -9.9149811269403154e-01	
   1.4543390053168650e+00	
   3.0004856773874891e+00	
   2.7478890986558890e+00	
   1.0701356993351396e+00	
  -1.1079819866516027e+00	
  -2.8961097718146465e+00	
  -3.3118500478029658e+00	
  -2.0092848911250738e+00	
   3.7702535815798616e-01	
   2.3141312094452440e+00	
   3.1121430665842222e+00	
   2.2842057893440049e+00	
   2.7566521075772121e-01	
  -1.0529578335177909e+00	
  -1.2968661073746863e+00	
  -9.1491480383833090e-01	
  -4.0940080634685988e-01	
   7.0370679567059488e-02	
   4.5167790981710804e-01	
   2.8467500174601912e-01	
  -1.1658250881832134e-01	
   3.6769378913220196e-01	
   1.3497610431168108e+00	
   1.7774045292514316e+00	
   1.3886962218457000e+00	
   3.7252046276841061e-01	
  -6.0858165068277337e-01	
  -1.2933265406397225e+00	
  -1.3319399971953900e+00	
  -6.0343319534895590e-01	
  -5.0883033396848765e-01	
  -1.0423391378672275e+00	
  -1.1961493537483110e+00	
  -1.0413738019079875e+00	
  -2.6846188059539738e-01	
   1.0955561832179308e+00	
   2.3752691693266574e+00	
   2.6684096948300580e+00	
   1.3671370731457146e+00	
  -8.2964348273381361e-01	
  -2.1122542815799714e+00	
  -1.9574784269043619e+00	
  -1.5324082391206275e+00	
  -1.5845364310467784e+00	
  -1.2196392020038787e+00	
   2.2514602510642132e-01	
   2.0737625539168763e+00	
   3.0004856773874891e+00	
   2.5747720334476401e+00	
   1.8269584146249103e+00	
   3.7252046276841061e-01	
  -1.6453526623320407e+00	
  -2.4736127171547051e+00	
  -1.7592624509725974e+00	
  -4.3900441869499585e-01	
   5.6301317968805065e-01	
   1.3088951956220090e+00	
   1.6966381378918129e+00	
   1.3626321764489551e+00	
   9.3659771922249890e-01	
   5.4435004201118220e-01	
  -3.5816154646944737e-02	
  -3.6724783806138678e-01	
  -6.2177456761811556e-01	
  -1.3547862936492925e+00	
  -2.1064622526263528e+00	
  -1.6566149282727101e+00	
   1.7784462118050981e-01	
   2.0740843325116485e+00	
   2.5892520830184131e+00	
   1.3243405551583234e+00	
  -3.7014384346211604e-01	
  -1.3364449006429446e+00	
  -1.8631971148224036e+00	
  -1.7698811615924219e+00	
  -8.1258921974898146e-01	
   3.3326351704846785e-01	
   6.1353236270821065e-01	
   2.2257179906334876e-01	
   2.3994782480999399e-01	
   4.9737041952242456e-01	
   2.9625901869674232e-01	
  -3.2766909836048164e-01	
  -9.6993894501241817e-01	
  -1.1443429794991180e+00	
  -1.1292193804328232e+00	
  -1.1131304456805378e+00	
  -6.5813553488268639e-01	
   1.6819127333567163e-01	
   1.1882283299447918e+00	
   1.9070812617724859e+00	
   2.1957166526736072e+00	
   2.1374747187298553e+00	
   1.2879796048597465e+00	
   4.8489756654063118e-02	
  -1.0452351457539266e+00	
  -1.5053788085166095e+00	
  -1.1372638479728971e+00	
  -7.8491626556707284e-01	
  -6.4462083889885358e-01	
  -5.8991850024482417e-01	
  -8.9110318858750959e-01	
  -1.0587498494039027e+00	
  -2.2534358255936693e-01	
   1.5853028054305429e+00	
   3.1378854085558863e+00	
   2.9892234063918570e+00	
   1.2200843815504834e+00	
  -6.4043771875829925e-01	
  -1.6900799487310534e+00	
  -2.1830457538573556e+00	
  -2.2873023108383426e+00	
  -6.6328399055423726e-01	
   2.4479911724311614e+00	
   4.1955755379596456e+00	
   2.8724175848762248e+00	
   7.3910240603721172e-02	
  -1.8821820871710981e+00	
  -2.8272488257520116e+00	
  -2.7130169176764571e+00	
  -8.6439556705743137e-01	
   1.2152577070237656e+00	
   1.6750789828827106e+00	
   1.0553338987407423e+00	
   7.5221878322646174e-01	
   3.3036751284212290e-01	
  -2.0828933076298831e-01	
  -3.4858469233263484e-01	
  -7.7526290970133538e-01	
  -1.6624069508657915e+00	
  -1.5304775654556073e+00	
  -2.9162992196877069e-01	
   1.7977529074504420e-01	
  -1.6613636973522330e-01	
   1.0190495040512212e-01	
   1.4228047265302997e+00	
   1.9968574741105762e+00	
   8.9187054189116799e-01	
  -4.3063818033441847e-01	
  -6.6778888929356039e-01	
  -6.7036311715583452e-01	
  -1.0729081106882379e+00	
  -1.0857792575947907e+00	
  -1.4811678374468032e-01	
   1.0118938323706330e+00	
   1.3397859148721918e+00	
   9.3852838876313982e-01	
   8.4528923676517181e-02	
  -1.0062999297290423e+00	
  -1.8596575438032223e+00	
  -1.6167143301959117e+00	
  -5.5709709872330504e-01	
   7.1907562451781726e-01	
   1.6644602947819043e+00	
   1.4990661981538882e+00	
   5.9100788619784717e-01	
  -1.0821627272917748e-01	
  -1.0371137639317425e-01	
   1.3440455557678943e-01	
   1.2539476409174799e-01	
  -2.2244757752119473e-01	
  -9.8345364705720906e-01	
  -1.2788464951472318e+00	
  -7.3922371556542255e-01	
  -1.9992309411564207e-01	
  -5.7801269759001794e-01	
  -1.7142133785066340e+00	
  -2.0221560634223690e+00	
  -6.8033825019965799e-01	
   1.2622373397305242e+00	
   2.8341258761337507e+00	
   3.7161232413675092e+00	
   2.1805930560498599e+00	
  -1.1890702215881115e+00	
  -3.1339054094785523e+00	
  -2.6174482837014770e+00	
  -9.2521171880027386e-01	
   2.8177899750236352e-01	
   1.3883744435041576e+00	
   2.8959074582774655e+00	
   3.0873660640132812e+00	
   1.3848348817527045e+00	
  -1.3331498114127516e-01	
  -2.7296677749354026e-01	
  -1.7804216775247278e-01	
  -7.4308505771242106e-01	
  -9.0815745347982779e-01	
  -3.9652967081186202e-01	
   1.5024815241061772e-02	
   4.0212406097242270e-01	
   9.4238972784846864e-01	
   1.3973842370990834e+00	
   1.6429011405270193e+00	
   1.0308787501601506e+00	
  -3.2734731999476313e-01	
  -1.4880027467833092e+00	
  -1.5706999350969295e+00	
  -1.0980068474089166e+00	
  -1.3962957644208660e+00	
  -2.0459677332998121e+00	
  -1.7634455793673363e+00	
   1.6955484954520001e-02	
   1.9386155573278270e+00	
   2.3466308609852087e+00	
   1.2075350278117893e+00	
  -6.0085896769368030e-01	
  -2.3857668652122070e+00	
  -3.1744497469953026e+00	
  -2.2007436240565896e+00	
   2.8499677999516471e-01	
   2.4344764631569724e+00	
   2.9576890492170476e+00	
   2.1921770874734809e+00	
   6.5278930753697950e-01	
  -6.9674895321936492e-01	
  -1.2704802468164986e+00	
  -1.3074848077194132e+00	
  -1.1108779948499219e+00	
  -6.9739251020742754e-01	
  -1.7578971947086669e-01	
   1.9522064720932100e-01	
   2.2675491638217316e-01	
   5.7524075264617991e-01	
   1.3278801167436034e+00	
   1.7902756680227170e+00	
   1.6995341438277829e+00	
   7.7120369946488210e-01	
  -4.5348444679354111e-01	
  -1.2489210690152275e+00	
  -1.5159975132157606e+00	
  -9.5545890741799977e-01	
  -3.1190195854869579e-01	
  -4.6378135579363594e-01	
  -1.0043692579224355e+00	
  -1.3296875454860226e+00	
  -7.6367888282721030e-01	
   7.0845694263650794e-01	
   2.4042292579044835e+00	
   3.0442476475972220e+00	
   1.9386155573278270e+00	
  -4.4543998671256729e-01	
  -2.2573768145203545e+00	
  -2.2885894290164250e+00	
  -1.5076312610090548e+00	
  -1.2029067072561308e+00	
  -9.4033531293714367e-01	
   4.0373295217463029e-01	
   2.0541340599259277e+00	
   2.6539296429300849e+00	
   2.2449487889310182e+00	
   1.7358951080510063e+00	
   8.2944556161357119e-01	
  -9.2553349739537272e-01	
  -2.1550509427454849e+00	
  -2.1016355618998865e+00	
  -1.1507785536880646e+00	
  -1.6831235335287898e-02	
   1.1064966447377518e+00	
   2.1548507647610737e+00	
   2.3150965456031471e+00	
   1.4257007316895942e+00	
  -8.1508673220792915e-02	
  -1.3161728354308384e+00	
  -1.3209995175539204e+00	
  -5.2202324941458389e-01	
  -3.8204964352579601e-01	
  -9.0300899610895580e-01	
  -9.0493966761846900e-01	
   9.2573380513261208e-02	
   1.2580542216901982e+00	
   1.7957459020609321e+00	
   1.2622373397305242e+00	
  -1.7153013626923591e-02	
  -1.2936483194328494e+00	
  -2.1717834732682717e+00	
  -2.1727488115909086e+00	
  -1.2878563011859139e+00	
   2.4034607219599487e-02	
   8.7739052059226441e-01	
   9.4592928868146742e-01	
   7.5704545684010560e-01	
   6.2350748802553202e-01	
   2.5828918521162114e-01	
  -3.1286729363288612e-01	
  -7.3407525939966545e-01	
  -8.0390119913742986e-01	
  -8.1838123354772452e-01	
  -1.0400866872979928e+00	
  -8.5892533144870098e-01	
  -1.9155685752211499e-01	
   7.0202137786732433e-01	
   1.4353540822718891e+00	
   1.7983201298561633e+00	
   1.9875258959664044e+00	
   1.5576298635070474e+00	
   4.9029129831334173e-01	
  -5.0239476552627160e-01	
  -1.1372638479728971e+00	
  -1.1552834556625211e+00	
  -8.1387633392248060e-01	
  -4.9209785611072232e-01	
  -4.0618302244802118e-01	
  -1.1317936100337129e+00	
  -2.0182947116884340e+00	
